0 9979 4583 5541 8419 5351 9497 7558 2969 4594 6751 7624 2601 1337 6542 7999 3689 654 1244 1703 4298 8092 5209 5869 2843 9461 3535 8862 7214
1 2986 9463 4255 497 4953 5050 1311 189 5394 5211 6339 7807 3072 7549 7917 6075 6145 4462 5960 5048 5224 5644 5162 7002 2964 3619
2 1888 3148 2539 8554 4396 169 9678 4709 1947 2241 5041 736 6873 8074 9755 964 4954 9904 3096 6954 9898 6250 1837 2583 3928 4160 9970 6221
3 4309 1323 3129 9640 1491 6537 3759 649 5465 1934 3610 7823 3902 7101 9250 4036 1965 2733 827 2528
4 672 3891 7379 8973 560 3393 7812 1799 1891 3534 6833 5529 6262 2532 6990 2012 1498 4182 9398 2795 915 5551 8468 4 5273 8113 8377
5 4143 4984 2690 290 9819 348 5557 4944 1179 15 9968 9421 2437 4464 3078 3553 8060 3437 4334 2971 8466 2939
6 3239 7891 9144 448 506 7438 9604 9731 5995 1561 6064 924 3123 8544 1235 5852 9688 7703 604 7452 73 4162 207 4490 1713
7 4758 1635 720 3605 9524 3818 952 9028 7516 7045 7389 7689 4002 9592 239 5171 3061 2668 1440 5028 4422 6535 4390 3887 5817 9329
8 741 4387 4848 9562 4141 3232 9836 8505 4236 7967 3967 1756 4992 9748 8317 8975 5997 6394 7242 8734 3978 7611 4967 5855 1115 9573 4018
9 3580 1773 1002 3685 9837 4470 8687 6043 894 1107 2918 9115 2562 5570 9501 9808 5202 7138 8132 1120 1903 4041 8279 2152
10 6198 3208 7355 7149 9611 3977 4997 1342 5326 4845 6790 4176 8802 9174 4707 2616 9568 6177 3626 1408 4695 325 6311
11 3307 6924 3989 9485 9002 4643 3958 8652 1143 6980 8822 6720 8894 6701 4598 4650 7268 3002 12 2073 4057 7042 9677
12 7862 5377 5712 1496 7732 7282 8316 1166 1907 8307 5999 4893 1499 3999 3961 3331 1839 6072 7765 2496 2372 307 5251 16 2113 9369 8424 1147 5415 8921
13 8587 190 8254 3840 8194 3215 8970 2292 2921 4114 2281 5909 694 7944 6282 1432 7623 7518 8908 562 6209 5096 1074 7008 3264 2138 1055 6479
14 6160 6135 9385 8653 2551 9134 2386 2924 6081 7078 352 2694 5929 7351 8415 2913 7273 6554 6972 7827 5940 5927 9294 7073 3109 1287 5232 6717
15 88 2293 5535 6413 9450 2178 7010 6237 5221 8901 9141 5305 7132 4198 3141 5258 9653 5930 45 3019 7909
16 2576 2838 2118 935 6023 7535 1168 1458 2547 9644 4128 1130 9237 1566 5168 2646 5165 2101 6766 6109 1366 2490 7051 3492 6573 2773 7460
17 9913 1421 6173 7263 4798 444 4415 350 8014 859 8855 7098 9111 6117 6429 309 5456 6626 6408 6183 5067
18 4742 5698 4794 3915 8155 2696 9684 4356 7309 6379 3271 6452 6861 6444 2994 9943 7616 7590 3497 4527 664 5075 4161 8341 5604 6917 2376 4296
19 6002 7687 1313 2934 6575 5287 553 6243 4209 9300 3443 688 4460 7741 6124 8172 3094 3456 4412 4367 7803 2196 3041 8980 6748 5760 1003
20 9393 8699 7372 2783 2577 5799 4034 105 6161 9882 1393 2154 2710 2591
21 6961 2536 1267 3191 7034 6026 7636 4503 3904 5567 4832 6678 8343 8863 3567 500 4831 1578 9081 6214 1285 8893 9307 1141 5312 6170
22 7475 5710 9806 5777 2352 552 1181 1160 7271 8026 2938 947 3753 6038 5548 4874 1316 3955 4342 5403 4956 7995 4551 7039 89
23 4058 477 7430 3022 4914 1294 177 2602 9896 1791 6883 5143 5651 232 5558 2996 104 2214 3158 8846 3226 7300 6341 5215 218
24 8708 6794 3866 5699 3036 823 907 2753 5809 8239 5040 9397 3489 3473 8015 985 5898 9760 2692 6872 8834 2094 8313 5407 5003 430 3734 1454 1378
25 1993 2166 3202 8895 9967 8523 1740
26 3055 6110 6741 8803 3583 2781 3775 8990 934 4969 3466 196 2375 1781 2614 8628 2348 7976 7400 5611 9367 7050 4431 8333 5065 4976 6881 9936 9383 4177
27 4948 5721 933 3615 3038 7162 3315 1660 808 7754 9498 8549 3508 7930 9597 1782 407 3695 9587 7530 197 8183 9656 9878 1652
28 9514 7329 5890 9625 7492 4764 9972 6956 9019 5190 5438 9502 6667 4626 1919 6355 6151 9454 3275 6702 4399 8543
29 5440 2928 6420 4003 2997 141 6062 1872 6582 9659 9508 7708 7672 5950 1615 6760 6640 522 7144 6621 3388 1093 2540 5398 224 1261
30 303 2748 9412 9951 9314 233 7630 3521 4263 205 1036 2553 6256 6049 3941 5429 9145 6693 1195 3860 8098 8337 3812 8850
31 8477 5060 9401 364 3330 5019 7886 1780 8634 63 9942 2391 4780 3956 4993 7219 8658 1758 9854 3863 1929
32 5402 3249 1276 5955 5917 3778 9070 5070 4924 6821 624 356 2719 5552 8314 6225 2584 3365 988 336 1925 4728 5623 4479 6931 3872 247
33 5086 1689 1010 8823 1460 633 1256 886 8214 9823 862 6059 9103 5785 4423 803 9697 3725 3804 8537 2514 1617 2703 9486 2669
34 222 2791 6304 1260 5234 102 6989 1937 2192 4892 4085 3121 9879 958 2299 545 4801 9389 6988 7431 9417 5560 8454 5922 8384 4904 424 8666 2273
35 3629 8566 8462 4202 1684 4585 8306 451 6779 361 9525 9567 6505
36 7640 8711 867 5045 5135 2341 1819 7819 6083 8933 3501 889 4322 7107 5363 3084 4999 7283 4504 899 1133 58 5839 9257 3749 4987
37 5693 5237 9602 8637 9738 3802 91 5847 516 987 4472 4964 3340 1513 6620 3342 4238 6232 6964 5736 9648 5673 9608 685 2441 6613
38 1353 6849 8224 6634 9065 4123 4696 9812 2885 9106 3450 6806 8650 1383 8616 600 1763 3996 5110 8899 526 5613 4283 1467 923
39 7911 7028 3188 989 5477 8445 2385 5116 8266 365 8799 2042 2923 2340 4565 1224 8498 888 3363 7736 5264 2624 8503 2821 8091 6088 566 5848 5652
40 4839 5856 6307 1986 8955 5690 2652 3930 6333 4802 5340 2861 1275 4549 2560 1187 6215 4816 4684 7200 548 9540 8195 383 56 296 2864 8519 7700
41 8406 5948 2736 3959 3505 3595 5696 5524 3087
42 1105 1111 611 3414 8882 81 5564 5074 5879 8918 912 2546 6897 8545 2903 5850 6611 9603 4480 7478 257 8452 5434 2280 4267 9834 1019 6721
43 5335 6786 482 9549 7698 7246 6639 9561 6659 5356 4634 929 9038 9994 515 9718 4452 9945 2419 5 5912 7324 5932 3638
44 8175 2523 825 4629 39 1716 6344 711 2648 7394 8917 8284 8335 3481 6660 9204 8852 7639 1028 6892 3766 3180 1350 2300 1020 7166
45 8773 7194 9987 4698 9337 595 6709 1678 7871 3509 4148 486 7189 7228 8838 2816 4600
46 6695 7082 4109 3066 4411 9708 1096 8815 5607 4118 4492 6371
47 7928 6558 3910 2717 8998 5959 4213 6727 1448 614 7007 9416 2003 2676 6945 9245 440 5884 371 3853 9637 1288 9545 3402 7111 2271
48 7040 9544 8574 977 1835 5660 3099 8956 5700 387 8928 5092 3494 9224 2414 8656 2892 4876 7852 9096 5430 5638 597 2067 6501 3677 1751 3656
49 5161 658 6068 9487 7444 1289 7354 3178 3023 2083 5339 7955 9955 7348 662 5435 8463 4305
50 5970 1227 7314 35 9538 8642 7425 6331 599 8339 4675 8261 6888 9884 4805 2159 6414 7735 5906 2590 6636 71 6960
51 6649 8302 5748 6922 2916 1106 1886 5622 8486 2164 6114 2863 6578 4810 6812 3214 681 5989 1971 3309 9973 1545
52 713 6658 7975 9252 7153 6174 4097 632 6577 7419 229 8825 9690 8168 1732 5294 8163 4186 1972 4348
53 3647 7940 6352 8136 4456 6488 1743 5778 2595 7583 7336 4972 932 7202 7996 5876 3218 8941 8943
54 8670 6793 2109 4775 9741 6104 2933 3198 5176 3558 5842 5531 9932 1653
55 29 9052 3068 3411 6316 4372 5766 9381 8413 3691 8125 7866 3182 3416 7570 1145 3939 223 4569 9582 7128 6531 1216 4996 5545 2677 7112
56 580 3236 8040 4973 8795 7245 1631 2406 4989 550 6680 4330 9113 1604 9447 8347 875 1950 7887 5177 9825 6508 4619 6449 8145 4610 469 3702 4320 2055
57 2828 1384 9267 4246 7662 380 990 7301 8945 9859 1656 6211 7935 5715 4682 255 2451 4280 7678
58 9216 2641 4867 6567 6729 7191 2797 7103 509 4224 6406 4590 3316 6540 9148 2093 4526 9342 496 1196 848 7688 9713 1367 2337 2839 6212 616
59 9550 3325 6971 6615 2558 3648 6885 7920 2835 9785 3992 5908 5191 5522 1964 8805 7945 3018 1916 4391 8295 8238 436 9210 9200 2449 7731 6559
60 8509 5218 47 1252 5291 6967 4744 6460 4866 275 3556 9983 689 3267 4489 7860 3813 1033 2081 625 8011 4131 6889 2193 0 5821
61 3149 5991 5062 434 6146 613 7918 160 5587 4271 5726 6623
62 2176 4773 2024 8141 8860 6847 6175 8839 914 1704 2188 1213 3048 6934 2853
63 55 7948 9231 9767 7781 1820 7238 3545 9201 6354 7589
64 2917 5572 8370 8146 8989 1381 25 7063 3059 6759 8907 4416 6594 3835 2968 5977 8648 142 3458
65 3743 1883 2782 1500 2077 7785 6247 2290 9073 1008 5188 8627 518 2596 6517
66 6913 7346 5250 1762 3772 8807 7907 5101 4921 6235 3145 7671 8810 6230 323 2131 7625 8898 1562
67 8787 9996 5996 9815 6454 7203 8938 2453 9264 6301 8551 1702 7552 414 4276 4461 5383 9093 798 8570 712 4931 7154 9782 9860 8582
68 4687 3918 6265 7312 3420 8071 5463 9533 8199 6586 954 9931
69 9888 9087 5089 655 1430 2984 3793 5702 4800 897 5635 7791 4279 293 7782 8048 7377 5643 6632 3192 5787 944 1278 8386 4927 7896 1137 690 8618
70 1978 9935 4112 1655 7434 8615 4344 4195 7873 6674 2037 6926 1767 3907 9460 1493 8361 3332 7942 6753
71 2296 2942 9666 199 8791 2751 8992 2186 8972 4168 6675 2872 5625 226 4567 2730 5149 1495 9413 4563 4886
72 3321 9579 9624 8997 2358 6396 4165 366 556 8633 1575
73 9698 567 5983 5475 1292 2396 2943 8305 1156 9032 2197 5331 6153
74 1135 1325 40 1976 7798 1846 1373 3244 8944 2965 8887 6065 4691 955 4242 8327 8461 2691 4795 8874
75 2061 5990 1869 4064 2442 8112 1352 5238 7275 4824 3039 9407 1832 9185 6483 6928 1711 687 1155 8066 5354 3143 8487 7991 1570 5900 2019 7289
76 3855 6735 4673 8856 7994 2919 3345 4879 2121 5708 8550 9800 9716 2947 3828 7124 6532 5118 9437 7596 642 4574 324 3441 1641 2259 8044 8552 5723
77 7141 4428 730 95 3936 5000 1011 3662 2294 7832 9253 7100 3820 8046
78 5341 5743 4233 1240 8034 7209 1746 3373 9288 9268 7998 3924 6622 7130 6149 4631 2712 4945 8660 8358 6071 5589 8913 1148 3780 2221 8001 7036
79 2571 8736 7249 4826 6739 6652 3169 2314 8485 1896 7794 249 6908 6171 7177 3397 6560 9295 574 9528 8891 9301 2502 3965
80 9325 6884 6669 6220 7464 1533 7292 771 2047 9279 149 1116 3273 9434 176 9775 5095 5179 3836 3110 4047 5449
81 7952 1784 565 5240 5593 2343 4072 5133 1980 7727 3392 5357 7536 8318 2489 4708 9857 8269 2672 1694 8849 4769 9507 3787 4951 9227 7527 7223
82 4788 9733 5006 9654 8128 376 2404 1211 8610 1198 8826 2636 9139 4979 4852 7330 2381 8003 8117 2891 2120 2269 4220 7676 392 7001 7049
83 3578 7113 4853 2248 7339 5473 8007 2882 5481 973 7195 5807 2379 6468 5677 5432 7977 6676 8235 9673 590 8375
84 423 892 5636 6550 4940 1355 7777 97 6248 2246 1071 4856 4985 2148 7099 7921 9344 3355 1775 4627 6918 9590 6343 5478
85 4536 2143 2511 284 2754 4990 993 9975 377 6999 6708 8974 3470 4809 1296 9828 1618 7997 8853 1462 5544 4363 5836 9596 5376 3737
86 3168 2424 7255 6818 2663 4913 5100 1309 2393 7898 2125 7599 8576 8476 4738 4026 8733 8859 4670 2962 5059
87 4855 1625 2566 2216 4297 9375 2160 1583 6172 1790 5302 9908 7062 5512 7461 8381 6324 4946 9285 1126 4427 1279 480 5822 8910 6005 4844 5953 5659
88 4475 7704 3773 318 4704 7856 8737 4819 137 9784 5042 6823 5943 2700 4166 7240 492
89 2519 3849 5285 956 6503 2927 2171 8038 6681 2561 7788 7651 3455 3897 7447 2820 4577 9059 9373 2301 7869 3350 5198 8636 9552 7766 8301
90 4214 8290 2147 7226 5503 6480 578 5064 4734 4711 4851 1834 8661 8954 8844 647 7919 2811 4928 2349 8391 6051 1202 3113 6978 4103 9326
91 6706 7116 1970 7787 2180 5375 9570 843 1220 6067 4564 9838 7004 5880 3009 1078 7958 787 3382 8930 4304 1821 3705
92 5649 3475 9289 2128 2206 3421 1700 5534 5364 3661 6862 3796 6436 5722 801 5921 2778 6671 3706 6040 1070 6616 2946 7681 5413 9243 4897 1312 6819 9131
93 719 208 4101 4656 8617 767 2760 4768 5559 6326 4106 8729 2687 7598 551 5945 2890 7181 6599 4375 3324 2298 9650 8267 3586
94 5971 5387 7677 135 306 2612 7974 4678 5270 5030 3286
95 5381 6529 4299 2112 9180 159 4636 8244 8481 9939 72 5911 1690 6234 8336 2416 3822 8781 6899 4753 5800 1238 3126 9560 1892 9937 2172
96 920 8586 6410 6475 895 6196 6272 6784 7761 9496 1248 8620 8960 4988 8958 2242 6131 3912 2336 8356 1390 7359 3343 4510 5436 5811 7937
97 4842 9473 271 4720 3783 4854 6698 4328 1710 2179 3854 9513 5140 4730 5851 264 784 441 5024 1517 6481 587 1809 6191 2410
98 5902 6189 4717 3292 5532 4092 8857 4073 5153 953 2459 2647 6302 9290 4077 1333 2450 4778 4922 7964 7281
99 6456 8227 5284 8304 1905 7842 5072 8569 9312 3931
100 6822 315 1363 4088 2333 986 6896 2011 8164 6757 4767 9298 7422 2137 5389 4688 3686 1057 4739 4336 3577 9982 7306 7147
101 8189 902 7546 7572 830 9171 2660 6154 270
102 7716 3767 2693 1435 1982 6289 6522 5274 8392 3927 5788 1881 479
103 8731 1593 9459 6306 836 2494 9119 3713 4192
104 6662 8020 245 6245 3453 1215 2187 1523 2108 1257 5526 1709 695 9816 2174 3714 9400 3736 9895 1258 5781 1184 7809
105 8342 789 9011 856 9037 646 2817 4300 294 3469 9322 8767 1516 8961 6130 8438 9448 8875 8349 8727
106 734 1838 6168 5757 8088 9269 5575 5630 6691 7358 3771 3153
107 6916 8277 5771 640 9135 8555 6805 6832 2156 7167 7594 93 4212 2762 4681 1941 4754 3164 931 9903 3312 9609 4522 2905 8490 1001 7035
108 4094 6740 2649 7193 6814 292 6597 379 2439 3163 7259 9643 5963 6337 7797 2201 1712 7170 7705 2615 2007 3185 1602
109 2507 6199 7117 3381 7962 3707 4086 3832 3684 9919 6233 7646 3013 9966 8716 416 107 5775 3132 4865 5538
110 3692 8630 9045 6430 2207 1263 9948 7169 8062 979 3584 3561 3295 2228 918 2116 812 6855 2974 7667 1829 3243 7055 2707 1280 9220 3620 722
111 5027 9166 1192 8598 8460 6176 1621 5561 8162 1764 165 5275 44 2170
112 2008 2738 9944 7867 3116 9199 6716 9612 5608 4426 4669 714 8725 9658 8077 3823 9786 3000 4900 5056 2194 7158 8223 4325
113 9619 5818 4935 5562 3750 3124 5451 8268 4787 11 2479 4777 5292 7853 5585 8252 9991 1895 9098 4545 8286 5926 783 7906 1642 2597 406
114 8184 1977 3785 3429 6737 6313 3476 9388 537 8325 2213 8920 238 4316 5802 6545 804 2823 1397 8707 204 4731 4315 5508 5459 3279 6273
115 4882 7108 2110 7562 7081 821 9729 8511 1960 2 5385 1519 3979 8779 125 7420 6549 785 7244 6440 410 2878 2620
116 1315 4648 2657 3632 5779 415 8101 7503 2680 1464 6203 9150 7707 9153 528 7581
117 5885 7512 4196 3375 753 7479 4331 5014 4638 3851 402 2796 6772 1720 3235 7723 1974 9865 6464 1347 9803
118 8420 1438 9631 4657 9419 9537 7730 6082 3465 2374 9694 3079 4038 678 6939 1034 9686 3337 7030 9745 7559 4183 4269 1354 1341 8453 2287 4374
119 1332 5858 6239 1206 5679 6953 740 4591 3277 6386 1990 5639 577 3020 9921 3733 8123 7311 980 2100
120 8758 9636 5888 2181 6825 7933 5684 2910 6120 6696 8705 6730 6556 3212 449 3873 3483 2413 2018 2727 468 2759 3745 1847 7751 4905 5753 9117 4662
121 769 8426 4507 3842 2041 6182 7684 2088 8287 1370 5947 5488 1708 6651 6592 6673 2637 2908 926 6631 6534 8154
122 2135 3608 9072 399 2884 1417 3660 2841 9490 5271 2484 8362 2757 547 9443 2980 7925 6976 4640 5410 9007 7702 7673 7968 1306 3950
123 6044 9137 368 9152 8437 42 5530 4518 5823 917 53 2369 8689 6347 5826 6770 6986 51 7241 4841 7597 2847 7375 5037
124 7877 9820 7666 3554 4957 1884 7448 3952 458 9526 7222 6201 7220 4136 9630 8473 3659 5288 4576 2705 4721 3100 2812 8606 1718 8947
125 7109 8274 615 8682 832 8273 5082 7315 2477 3694 8976 2153 5904 9470 7978 9235 5633 5175 5085 5797 2070 9451 3848 295 3588 7641
126 6670 9974 2401 839 9795 8173 9833 5764 3782 6389 8872 5976 2062 8076 3700 9017 8567 5468 3318 3831 1607 9036 3604 7959 1140
127 4525 3329 4661 1200 6141 66 3513 5603 8075 6179 5878 8366 4486 5172 3266 6977 1679 3519 158 2071 9178 650 7696 7905 6685 7165 1522 59 5125 2225
128 1757 1874 2209 3370 6357 8688 6163 6932 4457 9480 4043 2936 503 673 2849 2066 925 2746 5397 8964 2594 1301 7496 4446 3858 6113
129 9291 8489 5517 1186 1465 9138 5260 281 3751 6363 6290 3893 5738 8006 8221 7185 5774 345 3464 1484 5974 9058 188 7758 7017
130 3607 6877 4194 6473 4291 9209 2857 8800 6746 8159 6898 670 4692 887 8931 5183 1672 5132 179 6084 1413 9601 6792 9004 3533 2530
131 268 817 1218 2537 2235 1845 1441 6484 4449 9192 5556 9917 5600 970 2004 7584 2239 2889 9500 9339 1144 1645 762 3134 6458 6342
132 7013 6910 7529 9911 4582 94 1388 6231 4505 5594 4442 9877 860 9746 2830 4095 8712 1290 1958 3514 4846
133 3090 9306 9316 6563 313 6893 7068 4244 6865 3592 1317 2844 4533 9442 7786 4674 4960 9959 3118 5873 351 7031 5204 3452 3042 8119
134 9283 1024 3092 7243 8093 6244 7387 2095 8407 2234 4499 1967 527 256 6459 8390 6055 1017 7982 2789 5199 8596
135 1528 1630 9543 3739 9100 8694 8827 286 2842 9474 8067 9225 3101 1171 1650 6572 3171 1434 5319 6295 8639 5418 6018
136 4377 2784 8832 4207 6356 4139 1239 2275 715 8864 2402 698 3027 3844 9594 6320 7970 5333 2689 8364 3995 8861 6334 5311 1581 321 3478 6063
137 2944 3430 4875 1508 8110 6280 4256 8263 3843 8373 9436 2284 9835 5793 359 9399 4715 8393 7084 7349 8790 3529 609 7586 5931 3825
138 1273 2123 2711 2056 4065 1721 8662 3507 5864 534 3948 1811 4917 6423 4151 132 1103 110 652 1404 6768 7568 9387 5293 4716
139 2316 9685 3947 69 1792 6601 9242 5713 8719 8753 5200 8041 1083 5750 3254 810 60 3140 8090 3543 7831 9311 4962 840 1343
140 7799 1605 1527 9297 8192 1236 5681 2218 603 7378 3189 5595 5010 7878 8137 7393 5790
141 768 3384 4910 3050 8995 127 9458 6587 4584 7490 9420 1741 3748 2268 3682 3283 5706 7890 5509 5151 6074 5752 9129 4554 3518 437
142 84 3138 326 7172 9164 6648 5838 6188 118 1589 9720 3394 8793 8749 4902 8922 4500 3491
143 2735 8557 1054 5957 4376 572 2434 1453 4617 4838 9519 6520 927 2855 5883 1680 5460 1134
144 9207 5491 6377 9366 184 5419 8050 2226 2860 7056 5392 4760 2030 9196 869 8717 3644 3033
145 4495 6654 3462 8133 2825 5628 1494 9505 6121 9584 4772 7904 9079 6590 8495 6486 1237 1505 2387 8558 9551 4599 4580 1983 4531 4364 5020
146 3693 3651 128 6718 7174 4880 9364 6098 5219 3765 1199 2345 3323 1727 4100 1666 4110 4229 3563 5276 2098 2697 6348 3838 5666 9792
147 5300 3160 4467 2264 5962 9333 9234 3757 6940 7006 6528 3506 3237 5993 418 3728 124 3715 7989 579 1952 8372 5631 9430
148 2432 2742 9830 1550 9712 6399 2075 6850 6391 754 4093 5565 6137 9704 6332 186 4389 5506 9535 1556 1379 5657 5252 1284
149 6228 3575 1778 6904 5862 4335 3004 4660 4019 7514 9149 1807 7979 7053 8124 3670 6624 3665 9703 4918 5047 6919 3781 9776
150 7119 6745 1245 1601 4862 8665 2043 523 1639 5208 2909 9270 3300 7939 9218 9958 9327 7541 8771 1243 3206 4596 7859 9041 2767 18 5676 7252
151 9003 7357 9469 3445 6305 7759 8190 2173 9817 7691 6240 7626 4217 806 7288 8680 7345 1457 5261 2750 5761 2822 822 6914 8959 4145 8700
152 6656 3005 2230 1326 8796 3057 1232 9481 8869 9077 3862 2040 408 3776 2632 6763 471 6382 532 389 1129 8541 2421 749 2983
153 2313 7455 6296 5120 8348 7916 9263 9133 9912 30 2366 2086 2945 9671 744 8512 1539 2582 7844 7437 2564 4702 8043 9217 1865 3408 4622
154 2559 2006 3334 8868 5107 3993 3784 1081 5160 3895 7609 8031 8299 3841 213 9730 941 2091 5546 5843 6890 8635 7522
155 7957 6457 3403 975 2967 6402 1553 9928 8058 7843 6596 3925 3293 6679 8283 1053 3538 6704 7838 2572 7443 2308 7476 1497 8508 7601
156 3103 6329 9874 417 3398 1349 643 6593 7924 8428 1800 3213 7462 6442 7260 8427 1167 9233 3344 721 8759 4812 5130 6959 7087 5494 7303 9374
157 8564 3358 5384 2189 8475 6495 3142 2027 3223 3943 9891 5832 1928 7539 6073 2307 8925
158 9752 8104 3779 7870 3972 645 9466 691 7697 4784 2874 8988 7262 7090 8624 4025 1119 5492 5772 8765 1161 2353 835
159 6277 5746 3601 6409 5303 3366 1745 1062 1779 3157 7407 7142 6692 5734 3074 1707 9509 5669 8080 6911 4189 8100
160 9409 8774 6202 5347 2140 9761 2394 7445 5009 4302 5201 5582 8692 4789 3399 877 3446 1068 4512 1996 4155 4015 5965 8794 2446 6435 641
161 3281 3257 7347 9462 8646 2526 1310 2837 4513 153 87 2392 9893 1085 9414 7983 4676 2347 9909 6317 1210 758 5596 2208 1336
162 1040 9864 5756 5678 5400 8151 1942 6579 1532 8446 2034 3847 9163 863 9547 851 8927 2038 3806 3810 8655 9008 8144 3250 1793 7801 8538 7235 8535
163 2015 2031 330 146 7816 1476 2260 9849 6181 5317 7635 9403 4373 4287 3716 3385 5505 5195 3422 2592 4216 9390 1887 3335 5390 9536
164 4586 7435 8410 7277 5187 4595 9159 8560 7515 7724 1348 6909 1638 9167 5537 77 5093 7179 8889 6686
165 3156 5112 4200 9382 2570 617 7477 8243 9641 4498 342 6253 3463 8177 991 1629 2351 1856 3634 564 3944 8626 1673 9318 6761 2492 4181 9532
166 6783 7846 1955 1843 7442 992 9276 7988 2122 857 4515 582 3699 4597 7454 5739 3960 6837 3668 3834 1032 7025
167 622 1372 4080 4666 6526 4021 4063 8996 1004 6642 6743 4625 5810 9092 4351 2222 6303 9310 143 5924 5814 5242 6368 4542 9711 2926 1304
168 6815 8629 9869 7323 6392 1046 9858 8585 7931 1598 8494 3606 692 6866 283 9651 2215 9378 8709 4827 2575 9892 3268 9914
169 5769 6851 7637 9696 6474 5428 7135 2291 7971 4907 8450 6138 6047 2139 1065 909 1889 1814 2010 2699 3937 1894 3248 7074 1956
170 5717 3990 2681 7086 2639 5601 3117 353 3155 3874 5256 6571 5417 8649 9278 8873 195 2991 4963 6079 4488 1362 3890 6514 8770 2224 3528
171 3444 8073 8448 4020 922 6216 4593 2355 8506 8023 4167 9779 6167 78 1649 855 2420 2295 2365 2569 4386 3302 4132 7484 317 4157 2609 2724
172 2720 4223 9965 9349 5597 6655 2960 6543 1117 6791 570 6328 3413 1795 4808 5121 1868 54 2998
173 24 8376 1995 3544 6966 2771 7745 8245 9479 7296 3339 4378 4535 7313 4009 703 1717 2127 7439 5178 9689 5399 4896 1813 1599 2312 6060
174 6952 8024 5480 3906 2534 8013 21 8196 8623 5493 9404 8501
175 8878 502 2973 5511 3112 5433 4326 3203 2415 8237 8963 2309 4440 8775 4547 6298 2405 4762 7858 4294 3303 308 1658 7509 6979 4820 6257 9906 9281
176 8395 5808 6255 9680 4938 6078 4371 949 6094 3986 1283 1073 2431 3389 9699 2739 7910 2182 1526 6700 341 4697 8008 6241 6853 263 2770
177 8518 166 3291 7534 3115 2129 8916 7531 4621 1446 2350 6937 5421 7326 2723 1124 5128 1481 6895 5731 4729 7888 5159 9940 6439 8217
178 6767 1113 8902 951 3542 5036 2126 2675 3228 8229 6683 7587 3449 1328 7217 8247 9801 9531 5759 5568 7775 7279 6477 1064 6867 6266 7410
179 5343 8425 8382 8521 6742 8831 7284 884 2202 8197 1753 1291 2195 5707 2806 6993 8744 3971 6569
180 1866 1194 1908 172 761 3636 4607 156 5910 7987 793 3550 7650 3982 357 7608 1853 5203 1632 5114 8777 4301
181 8213 6502 5920 4405 9118 8037 6374 3675 4247 7334 272 4264 2859 1042 6714 1932 9957 227 2124 8678 8457 2251 7813 5653 1939 8178 7115
182 117 6752 2074 9613 607 3940 2072 9228 5941 7749 6839 5073 2478 1286 4333 3917 8905 7328 7469 2367 8411 7350 9555 3520 9241 6603 5174
183 8950 2297 2977 3731 1297 1217 8109 4912 6754 3761 2452 7790 3256 6310 7767 9099 9676 5946 4308 9876 2623 3107 1226 3664 3346 4803
184 9847 8739 409 1777 4481 6871 1152 709 2045 6367 1176 4685 2151 5958 382 8821 1719 2832 7258 5703 5624 4774 3703 828 5318 4286 1300
185 6843 3276 428 4558 2635 4318 8742 9232 584 852 1748 3487 8539 9674 7619 334 6555 6497 2342 7487 5423 5348 4741 3741 994 8884 2521
186 2869 2589 1564 9104 7668 751 2930 7134 3622 542 6915 8097 3877 7125 2084 2254 3805 2155 340 5791 269 5345 7938 6465 5825 1923
187 311 5954 1346 1797 7456 3710 3425 9328 7080 282 6778 800 9080 6810 3650 1623 7199 7473 1675 4444 2158 8657 6028 9714 778 5857 2814
188 7399 1803 2184 9018 1443 4821 8293 9384 8105 22 2607 3756 28 6224 7828 2674 7980 3179 3945 1936 9811 2185 9960 1722
189 5406 7889 3603 8766 9620 3054 3760 6610
190 7913 7097 5156 6584 8504 74 2702 8843 5323 2063 581 5217 363 6947 1769 9683 1877 7833 9771 6195 8923 4823 1962 759 6461 2210
191 8840 7156 6875 3875 2245 9610 708 7457 6930 2565 6838 893 5210 5694 8264 3630 7839 8181 9363 9445 5338 3252 4811 8057 9770
192 2941 6780 3865 8434 6000 4659 5043 1738 3227 2958 890 7120 1688 3377 5872 9194 7802 7272 8522 6284 7756 7892 7412 7739 3106 3652 6470 6152
193 6321 6274 3328 9739 4067 6774 3308 4082 262 573 6992 3484 4925 7992 4185 6533
194 9187 3147 5008 9981 3663 6134 6197 10 6785 2274 8755 3599 7505 7800 8608 7826 4589 6166 6291 6489 5812 6294 2322 1191 316
195 6466 1530 9890 4782 8042 2033 6132 9284 4249 2373 7796 8400 5249 1714 1597 9774 7331 7388 9853 2988 7632
196 6412 5227 7465 7554 4602 908 8160 65 4654 6713 2955 809 6816 6776 126 7675 96 6309 7247 3658 8276 5138 6496 9259 3679 4158 7953
197 8086 4170 6711 7567 6076 5426 2388 5021 3454 9240 686 7368 9863 6315 7371 7545 2149 80 8565 2764 3423 6007 1403 2211 3923 6585 7131 3347 3380
198 7401 8021 493 7683 3026 3194 3181 659 1364 2645 2370 9292 6970 4000 6086 9050 8241 8045 4926 2775 3653 2865 4735 2329 4273 3903 3857
199 5424 627 8328 5566 2731 3493 9165 3062 1620 4871 8603 4689 5039 5262 5689 1855
200 9901 9090 6765 7085 7685 5263 896 9394 9222 6882 8952 9574 4523 9489 8394 3383 2069 3162 9427 13 108 6158 5501
201 5245 2520 5049 2036 7628 5584 921 5844 1752 8148 1612 2713 7363 8153 3777 6030 7201 9588 6628 9125 8340 4052 3012 4133 9765
202 4307 400 442 4733 9179 7912 2665 5193 5550 2898 2622 9424 2729 1624 5080 1163 3788 8643 1540 191 4983 4700 2223 3035 898 1614 5286 8260
203 3654 5382 7507 2950 6552 4278 2708 6938 6869 1091 858 4737 9005 743 8479 3954 5542 6635 1060 2165 8612 4268 5055
204 8271 739 4624 1233 3740 4403 9062 883 4406 3846 3216 5083 5061 4919 3674 4850 1535 2763 9332 5013 8977 8253
205 3333 1973 4366 7414 2513 3946 7627 4746 959 7923 6506 4312 4680 5355 764 7571 3287 5461 1426 251 8865
206 5324 2915 5887 7934 2464 8030 2044 3524 636 938 490 4055 5523 6604 3511 3391 7848 6001 7360 6376 3998 1608 1808 5705 2289 4350 1139 1150 9472
207 5868 5358 513 6360 1755 8529 7642 1412 4206 9370 1197 9433 8064 7402 2901 6308 2995 5448 9598 5680 1162 1483 2014 5979
208 6900 7186 3512 9042 8854 2482 7041 403 3530 3752 1911 3593 3625 243 4004 420 4975 2199 7670 891 6553 7821 7427 3671 9 1084 5718 5147
209 375 7210 1121 3938 8085 6638 9737 5031 9623 2467 6036 7440 37 1402 5243 6854 6863 7322 7299 6432 7033 4793
210 1992 2538 8978 6710 1627 559 7344 1459 1431 7091 8516 8811 4323 4614 5882 5035 4529 4548 7264 3964 7089 3488 3718 5745 2200 3284 2169
211 8698 8149 435 9657 9457 8353 8804 9101 2395 7915 130 4667 9330 9583 3406 5729 2552 1828 7605 6372 8322 5197 7251 7669 3095 2277 4069 7733
212 5304 1406 3821 718 381 6809 5170 178 5792 4159 484 5692 9026 1320 9275 1469 5905 1975 2317 2168 8140 7593 4668 488 9642 8308 8087 4091 2818 8957
213 1335 945 3976 6029 1272 671 6643 7043 4006 3297 7280 1991 3922 2606 70 3522 1636 8934
214 7088 4546 499 412 6443 4857 2931 1463 9086 3351 8129 8465 8668 653 8757 4751 1726 7722 5342 4641 5230 5499 2659 8480
215 9084 7129 9078 6186 4806 3082 9846 9655 2810 5514 4113 2829 9790 3645 6602 6527
216 2020 4260 6450 2425 266 8367 9889 9265 4274 1193 8871 5380 9444 1761 3233 4770 6525 2378 9453 8776 3552 312 6373 4022 1823 4799
217 5598 8262 3017 6856 2470 9429 7256 1023 3809 2721 5641 9961 1663 8365 6955 1173 9759 4474 535
218 3442 8055 5295 5054 5656 9262 3326 4398 4397 1944 3135 7046 4906 3980 9870 2542 7728 9352 7225 7658 9787 9189 401 7079 2922 9097 5629
219 9675 1984 9255 4807 6498 8259 9742 6491 5033 8033 5386 4722 4060 4620 1567 7397 7699 1401 8474 237 5740 4240 885 2481 3265 6405
220 1097 8792 2605 2338 354 7276 120 2270 4677 1188 8150 9043 1501 3222 6565 6431 3908 8914 7695 6781 1890 8949 9986 6487 4506 7533 3289
221 7861 1852 1142 3193 9843 2640 453 8584 4368 2895 9883 8387 7012 8579 1611 8441 4968 2604 910 3688 6080
222 7965 7428 3368 601 7579 7019 3451 5835 5076 3859 5301 8534 7501 1125 3808 7137 7969 8436 878 2380 8455 5145 9693
223 6965 9691 2626 1994 164 7840 6570 5994 7532 7817 1603 2737 6625 2850 8359 2522 8081 6841 4581 9756 6276 2888 9184 265 234 4570 8138 464
224 157 9452 8892 9947 846 5495 5169 8981 8510 2907 2229 8291 8750 3763 7679 3774 4222 4402 2050 1594 491 6796 9198 6782 2238 4911 6127
225 2429 3245 5205 8536 6438 1557 2119 1862 1101 7629 1104 5901 2082 5442 4235 9929 8281 1007 1241 1242 971 4814 4943 7408 447 796 3975 557
226 474 1013 9845 2856 7190 4645 8595 7066 1338 7474 7542 384 4144 3299 220 3060 478 9343 4609 6095 68 6411 4226 2598 2554 3641 5388 8808 1677 7825 3069
227 5881 3708 7926 8228 2808 2438 683 9408 7520 2740 1029 6469 5277 3448 9989 38 4434 6046 2491 7524 2408 8594 9558 3994 131 1038
228 6689 5359 7779 9754 396 9355 9539 5105 7543 972 7047 4438 8885 8528 5467 7540 3238 5011 298 1327 4923 4277
229 7229 9402 8198 6069 7710 1079 4713 629 5632 3044 4104 8289 4747 276 2231 6707 3152 824 6906 7656 8900 6516 6731 555 6788 6070 1118 6288
230 957 7612 2642 4404 9116 5453 9158 6359 4828 52 1392 9219 338 9706 4429 940 1816 4051 1659 5555 755 9814 5148 432 4606 3064 3883
231 9563 2079 3176 4830 2787 1587 9035 826 7274 2989 7654 9015 4562 1031 4121 5479 3560
232 297 6123 8346 498 378 1902 8695 374 1302 2515 463 5569 7680 8431 2644 7653 9431 335 7175 4362 620 2970 7577 8249 7649 1472 3850
233 700 864 6327 4869 9949 4930 4400 4227 7805 3909 1584 2052 8741 9029 2768 9978 3590 4122 8752 3581 5897 6019 5831 7772 4140 5616 9766
234 3030 666 8493 9132 9143 7806 2535 7857 2443 3973 4407 7265 7233 6369 7385 9197 5928 6661 1149 8251 3929 906 2914 5697
235 9411 2233 9805 9254 7380 9273 7555 4433 355 395 7750 4033 278 8817 8068 9435 6561 8592 2803 7157 7023 1398 5683 1961 1966 9577 3500 465 3569
236 6901 2714 4154 1723 5539 6512 8761 969 7764 2846 7392 9321 6513 9335 8841 905 4175 995 8389 9063 8515 3987 8232 431 5265 1559 6185
237 3457 3579 8835 6012 7494 4986 772 6283 8631 9950 285 3570 1471 8025 4382 1072 5640 9665 7396 9924 8985 8568 5316 2683 9446 9049
238 3253 9128 3510 9804 6034 9710 1250 6946 7234 3997 3673 1389 2670 6415 6858 6020 8672 260 7433
239 4150 726 7768 2440 656 3879 8167 5803 462 4117 1045 4111 4840 5464 5167 3262 1572 7072 6787 7304 8611 5450 2529 7269 36 2698 2845 9831
240 1563 3468 8324 596 1369 4327 7830 6223 6106 8540 7588 7285 1358 3801 3187 446 7480 5645 7450 6285 2940 4049 8122 5606 6997
241 4379 109 4502 9353 6703 5642 9923 3364 546 1246 4361 9885 4861 4908 2628 7215 1731 4994 9467 9850 3172 2508
242 3008 7020 6192 5621 3701 6009 4089 7715 4031 5933 9157 936 8903 2684 5984 9372 17 9615 747 9057 8082 3111 1087
243 1794 1637 4863 5158 8188 5576 4045 4347 7316 1774 6605 6312 8242 1870 3352 3195 8829 4152 6949 5612 9047 5894 421 5978 6433 9589 8311 455
244 3167 2512 277 9927 5157 7820 4732 8169 7302
245 2883 8323 200 6128 4613 6398 1146 7071 3217 6050 6100 8409 1329 1798 1360 4534 3727 3934 6330 7954 5798 1805 4142 1207
246 4601 3459 6756 8285 9743 8546 3905 1643 5610 1747 8748 3894 6734 9155 5490 2499 2475 2779 5776 411 3819 2423 86 705 8265 757 1547 5714 3097
247 9626 696 8588 6842 1102 8379 6013 6672 508 3496 4394 3127 122 8009 6264 5498 2858 9094 4458 1334 5207 9484 7784 8722
248 5716 4873 2495 511 3502 2473 115 1521 6178 1282 5278 6292 5704 5166 1450 1164 6995 4572 3151 4108 5283 2886 602 9873 901 7600
249 1815 8965 5913 742 5733 4497 6219 2029 2427 3419 4859 5577 259 623 4901 831 9391 9088 3637
250 6031 211 881 8542 8953 779 9724 6728 2506 4232 2793 4647 2500 8513 1885 7449 5938 3037 2503 5144 5290 5322 7069 6492 8374 6467 8789
251 9020 3540 5189 6547 1222 5422 2304 252 147 8987 3285 2089 7757 4135 3738 7333 1405 6400 2800 8604 5223 4483
252 3869 4437 9274 7876 2952 4171 1613 9075 397 7187 5134 6353 928 433 9506 4369 1025 5327 8002 2328 5185 706 1739 4257 2734 1826 807
253 8559 3596 3991 3602 3666 7208 1676 5619 6562 7610 1876 304 4982 8881 1610 2097 4783 8723 1380 7083 1490 3942 756 6242 6258 707
254 7070 328 6003 6058 2982 1733 7342 7778 5001 9998 2722 1396 2611 5052 7327 4870 9170 2826 8408 236 2588 148 438 2656 2610 2851
255 4494 4781 1588 8614 5650 4786 1422 5123 1568 6519 9085 90 9230 4915 6478 5186 3523 2092 9772 9040 4337 1127 1909 3591 4241
256 9523 5875 9191 5829 6771 241 7239 4163 8502 5527 4014 9247 6974 6102 7897 8886 5084 8056 5580 4310 75 4484 1456 5973 8740
257 489 6485 4761 3795 3807 529 6251 6476 485 1429 76 6857 4843 274 6629 9112 1351 43 2111 2483 593 5773 4231 1698 3627 8433
258 8962 3655 8979 9286 6984 4615 704 3669 4147 6800 7231 8814 7077 6609 6617 322 7875 2619 2533 2987 7963 6551 5131 8369 8581 7436 1633
259 4435 3640 8548 9634 152 660 4541 7118 3247 7207 1299 5094 9783 6116 8969 9862 6736 7893 7511 7519 4199 4671 302 8622 5476 2509
260 1066 6155 8784 5626 8368 6705 6270 7171 9186 9750 3720 8206 1812 8174 6358 3184 5828 644
261 6633 1228 3024 6338 1399 6684 2873 4251 8778 1574 6351 6448 5688
262 7318 1414 3557 7152 853 2706 6657 3499 6140 3210 5247 5180 4290 6387 1654 2911 5412 362 2488 9922 948 8070 9614 2862
263 1724 9405 41 7580 9251 589 4847 6014 4187 4550 3678 5925 2725 750 2836 5446 1479 6994 2145
264 9140 2357 7406 1503 9190 100 8403 7633 7569 1979 6699 6085 7743 7192 2485 6758 3376 5231 9066 4169 5935 1153 3698 1234 5077 4683 6795 2755
265 6807 8435 2335 4228 4029 8671 6213 9195 175 7197 3314 7726 3230 101 5936 6057 651 8641 9971 5046 9354 6494 5592
266 6831 5113 3541 4153 5668 4749 1968 8272 4105 6297 7341 4899 1772 6325 6226 4262 116 2255 6278 6286 4508 3676 4197 2103 7183 4324 7146
267 8520 9406 9012 9757 3319 9576 3439 8028 9160 4701 6891 9428 999 7720 2876 850 2666 5871 3886 9154 8572 390 6991 2516 818
268 4679 3119 8191 6886 1098 1415 4211 2444 7865 8193 1255 4473 1681 8471 723 6184 5671 6524 3063 7369 8398 2046 4383 8130 9371 2608 5819 3723
269 9581 7993 5025 5212 4028 4544 5091 3246 3517
270 8890 6378 4343 4357 5805 6103 1622 2894 1744 9074 6612 8467 9606 2993 4501 6606 6715 1230 1136
271 2356 4706 3362 7483 3404 8027 7753 1836 6568 6180 9124 7423 2807 6207 6349 1931 6390 1552 9069
272 1515 7849 209 3614 6397 9701 1382 2325 9618 3387 3081 3504 171 9308 9793 8036 1425 2880 8888 5563 7133 8499
273 7463 2963 1030 3200 3433 9897 8782 7872 2023 5329 6375 4718 7298 7094 9899 9122 4765 192 2801 6092 2487 6015 7660 3014 6093 5944 9176
274 1833 699 6455 5282 6340 9617 3482 3261 4895 4353 8904 3077 3221 8935 333 5136 5496 1957 3407 4275 8589 630 8994
275 7956 1447 1221 6645 1365 9475 8378 9357 7037 3278 575 8906 3962 2398 6061 1770 5416 5119 1268 6037 4743 7481 7482
276 9670 3527 5017 483 6538 2776 8597 5405 9478 3211 7900 7384 2390 26 2087 2685 3598 4748 3440 9802 3882 1214 9530
277 1867 8449 530 7690 2600 2741 4605 2667 9027 5967 8103 6345 6157 3154 4890 1132 1371 6820 1400 3472 5469 9887 9336 7057 8078 82 3204 6111
278 7561 7398 2780 5182 7884 3190 8116 674 2867 1692 8691 1981 4012 9542 7417 1786 9664 6668 6646 5378 9840 4952 1043 8879 5895 7472
279 7499 1674 9627 780 2409 6580 7746 7693 2948 8312 7381 6880 6682 8883 9162 6697 4745 6385 4030 539 466 4261 7343 4977 4568 1439
280 9799 5744 4184 9628 9464 3721 2578 9900 4552 1016 8721 8470 543 8166 3747 5655 2236 347 3568 2256 1766 960 8180 2925 8696 2985 6973 1295 5942 7011 1646
281 6541 8484 8157 4107 3789 9068 3122 3623 7176 1831 4651 9758 5023 6975 5675 3010 1901 9258 2058 6797 6194 7694 3861
282 8578 2480 9341 1985 8018 6566 2766 5353 880 1075 6813 4340 9518 198 9338 4757 5599 5395 9126 2976 4332 231 8321 3969
283 4346 1651 9813 4011 9848 7221 6204 3165 5401 5257 7038 2953 868 5414 2650
284 7709 8447 3490 782 7883 5228 9564 2360 459 7143 8072 4916 592 8599 7003 8248 1577 3183 4755 8677 140 4611 9668 8083 6507 9829
285 2384 9392 5097 9221 9964 9571 9239 5741 4974 4254 2728 2175 2868 7603 5840 7182 3274 391
286 3667 6139 4836 7882 1509 3949 8667 319 1470 5026 1921 8590 3573 510 450 5196 4053 7835 5325 2257 4401 8156 6112 7943
287 6403 1949 3565 1693 4099 2505 2035 8257 3085 1271 9001 4272 517 173 676 7418 3916 9621 1989 8912 4253 6427 6725 6323 2701 9977 9827 9721
288 219 8783 3572 6942 9512 1474 3418 7513 5824 5709 8491 4125 776 1953 5396 1262 9009 9807 7973 5315 8497 3071 2625 2013 4860 5368 6600
289 7429 2106 481 3717 6903 1913 6762 9440 1391 7415 2191 6830 3011 841 4234 748 2428 5648 4509 504 7390 5044 9025 1514 6246 472 5063 3120
290 9976 5654 2455 6021 982 422 8806 1475 9031 3811 5163 7065 6581 4950 7960 9616 7908 5078 1185 429 3800 5667 9296 2157 7748 2219 1478 8054
291 5018 2422 5214 4920 5620 7847 1537 388 3173 586 4204 4443 5002 4259 4710 154 4903 978
292 5222 3758 8309 5663 5783 4007 2732 7941 7576 6218 4314 2332 2205 4487 8593 4947 9946 6129 3548 4530 3028 1225 667 4319
293 5445 3104 9744 6293 5437 8500 9438 4939 816 9734 3150 7352 733 6860 4936 3911 8315 7744 7261 6417 6445 9749 7356 4156
294 7657 6747 697 7602 2573 3503 7855 2563 8012
295 6607 8713 9282 3263 9345 1529 9732 2567 9358 5109 7851 7526 2249 3001 8275 6723 2929 7307 2618 8120
296 583 3197 4084 8464 2651 1281 2979 3867 2107 9379 9607 6983 7510 8432 4370 9053 3711 6687 7774 7105 7290 648 6958 2064 5029 9334 1569
297 4618 4877 874 2497 5012 6048 8118 6719 4724 6426 3372 4496 4942 4430 5420 870 9788 9173 9856 9356 8483 1303 4759 3712 7537 635 7467
298 4071 1090 8786 3585 4409 7901 2661 1109 3981 9844 9303 8134 4248 1771 6799 6122 9456 2662 6169 6511 7421 1954 2643 8352 3870
299 61 5213 8207 4250 32 2105 3970 1864 4491 2048 9810 2959 594 7250 9969 2282 5164 2752 9599 2262 766
300 9305 3029 6804 2399 9483 9021 1548 1395 8966 2363 3884 1730 1205 2318 2361 1204 5225 7374
301 4894 7325 9798 9056 7615 5728 3613 4971 2772 5588 5111 6828
302 8640 8848 7792 2718 5098 5956 163 9350 1056 1858 6690 1662 144
303 8728 7114 4665 5090 3885 8187 6380 3532 1943 2568 8416 7305 2078 8693 9867 5259 83 9866 8632 2486
304 1560 3951 5466 7102 4658 5751 8094 4858 7903 4046 1810 8225 1420 8004 1058 1094 8732 1554 1274 167 4313 3144 746 3175 5573
305 8204 5727 1223 5816 5662 5724 2377 3657 2875 5372 3799 7525 1591 7403 6829 9175 3878 7752 3526 8065 185 3034 182 7052 5533 6595 6518
306 5860 7575 8819 5725 6726 4188 1822 7721 3769 8751 9794 2258 9488 7606 8685 1801 3032 3562
307 8179 3049 5516 3058 3220 9202 5866 876 5770 8444 6641 5519 2935 279 2956 5233 1920 3968 9293 1818 5081 8456 299 3957 9719 4445 2679 805 6364 6260
308 6361 2603 7373 849 6927 7548 5374 5298 833 7614 9302 9023 1914 7353 7551 5796 2150 752 2331 1063 2743 5834 3131 6844 4321
309 1879 3826 248 9105 4520 6006 4289 8669 235 5980 3431 1848 8866 6614 6441 1374 8106 8818
310 5192 4537 4164 9705 1863 8035 1436 8851 3621 6437 9299 3282 639 5216 1394 470 4001 6229 6936 2005 9439 3914 5439 3046 5647 5937 2321 3021
311 1664 9852 3396 2305 9511 8421 9842 4664 7769 9082 8326 129 6798 3628 9183 745 2587 9663 6099 5515 9956 3415 9875 3932 7985 3093 5865 7335 3259
312 6663 7319 168 5711 9872 5241 1511 5899 4834 8746 2557 5314 9110 5313 512 2279 253 1806 8936 367 5206 8451 1542 4649 3690 9915 7459
313 5235 3311 8967 2749 6775 6509 3359 731 8638
314 9707 9768 9320 8915 8940 161 4958 5914 4074 774 9193 3574 8524 6996 8986 2555 2493 3642 9841 9580 5431 8756 7950 9215 2411 8332
315 541 2788 965 7874 9871 6647 1480 8645 716 9319 3075 8334 4881 3438 9725 4817 8417 6637 2792 5634 1080 9660 7310 797 5404 7713
316 273 842 9559 4285 5892 7211 7110
317 6418 5615 4575 8816 7686 2059 1565 1644 7048 1330 6848 2021 1307 1154 1229 7405 4032 558 5152 4010 966 4633 7617 8089 540 4752 4180 3480 9317 7058
318 6694 7585 3426 3566 9527 9546 6407 9156 2220 2057 5486 1424 2990 3045 3395 8697 8234 983 8052 3336 3815 5066 3015 4179 1077 7951 7776 1573 5720 2627
319 3697 6404 1804 4703 4410 3539 8704 3525
320 563 3338 5830 7361 544 2362 2397 6268 9361 1461 7178 3913 5320 6827 1596 2403 4341 9386 4991 8762 8948 6322 1359 4592
321 3696 5815 4119 2368 930 2906 7592 2498 5462 4388 7321 6205 5801 5747 829 9468 1099 291 6653 2080 49 4354 1473 4883 8654 7881 2544
322 372 2026 1959 8991 9681 85 6422 7216 7150 819 9826 6187 9331 1736 8231 1765 4380 7054 2114 1987 2815 4339 5889 9067
323 2278 8932 2904 802 9071 5344 1725 1912 9089 2104 8017 3436 5117 9821 701 9425 8651 9211 7027 1616 6852 2726 7544 4149 4295 9999
324 4008 8715 7638 3083 6764 6261 2673 5951 7837 6962 8182 8764 4219 1988 6712 4608 6755 4573 7634 1076 8983 1059 879 8726 5280 3612
325 6263 9851 9030 4705 6446 2981 4532 3974 3432 5104 1783 4075 2765 8294 4771 8360 7022 3768 7841 8230 5813 8683 9669 3378 8897 1128 5173
326 3471 7711 1208 1416 2966 1444 5220 9208 968 201 6077 6419 6017 9905 6010 6539 2961 5536 5874 7485 2704 1619 8210
327 113 3546 8338 7557 3047 3732 6336 7808 3901 193 4293 1264 1840 9778 4825 8673 2068 250 8170 287 7486 3479 3824
328 4090 4959 206 6749 4115 6024 8412 967 3790 2804 6963 5411 5005 3 4459 1340 4694 1266 7725 7294 1131 4465 1190
329 4644 2654 3839 4776 7364 6041 4453 4628 8743 2978 9181 7932 5763 3353 3730 8769 5789 4766 8443 2002 5784 5685 3792 3984 2130 3611
330 585 1860 4833 7446 3114 6222 5452 9238 1012 724 2501 732 3016 6530 8357 4252 820
331 9121 8345 1541 8051 4454 6267 6773 6666 8561 2469 8202 8971 5987 2252
332 4056 7140 6164 3105 5719 8768 4450 425 215 202 3070 6824 8745 2016 1999 727 8845 7644 1321 7317 3683 2339 6107 3762 3719 998 2243 626
333 519 1489 457 3966 2799 8236 4555 4070 7139 1606 331 1788 1361 1648 3322 4961 6434 9747 343 1293 6011
334 677 7064 8573 419 9925 8108 7076 1249 3920 8084 1661 4284 7295 8165 8216 7834 763 170 4790 2586
335 6424 8029 5507 3199 4587 5267 6346 9962 3258 1930 576 2400 5102 2344 6025 5687 8297 7332 619 8619 3837 9266 6148 7424 7899 5661 939
336 568 8158 1697 7000 2250 7232 1319 1706 8946 8126 6022 5549 1878 7044 2326 4129
337 1269 1251 6536 9557 2000 8876 2240 524 9229 6462 4543 4359 9548 8526 5618 4448 4524 7127 9280 911 4079 8278 1377 4203
338 445 4208 3317 1830 1667 9832 2613 2320 9952 8401 280 1466 3963 4096 5016 2204 2364 3582 8439 4655 3953 8730
339 2774 19 9503 9926 3594 6101 7811 2115 1504 2315 1590 405 1882 1486 4740 2267 5181 631 5266 1044 9953 6335 2747 8701 4040 7093
340 4059 2426 5307 9751 8298 2954 6808 2272 1428 5004 3447 946 814 815 7500 426 7771 8139 9764 5051 7123 710 3224 7391
341 6724 7198 1177 6425 6523 4485 7278 6279 230 7712 8063 9376 6281 5992 8039 217 6091 5346 5321 3091 6032 8282 5591 770 913 962 8131
342 1735 3294 6125 7337 8530 7386 4966 8909 5782 1368 7755 3597 3139 7718 6733 5349 5007 7961 1165 7254 3089 2430
343 2418 1411 1468 3434 5470 4210 4191 6227
344 610 9046 6836 439 1685 225 7096 3746 4623 9054 777 7266 866 9894 8601 1749 6249 7895 8828 1445 7126 1825 111 5964 8735 1052 2463 3631
345 3564 4693 6004 4686 4245 3477 300 369 799 2468 5664 151 7547 3234 305 6510 591 8531 9695 3649 765 4672 2460 8507 1180 8396 8880 5150 5547
346 1138 2436 7248 119 1963 4652 1331 4384 5310 5915 8288 2359 4898 974 8250 2371 2028 5053 4146 5142 4837 8005 6097 4083 2161 3417 9048 1705
347 2324 4414 3424 6879 3635 5986 6588 5427 8496 9529 2655 8201 2579 7338 4116 4909 9781 6944 9203 1254 9120 1510
348 4098 1170 4980 4050 665 7253 5409 4872 9822 4068 7205 5804 3241 2633 1538 3881 5893 5518 628 3814 1219 9147 1586 5361 9635 8414
349 2247 7553 2957 7236 1729 2653 1182 8220 6156 8533 1875 8547 8383 9941 8833 1314 3551 1502 4521 5483 5330 4023 33 9260 3367
350 7468 984 1859 9177 7566 5122 9639 1682 6935
351 6039 4965 4714 1531 5032 46 3609 9687 2065 1671 5482 7521 919 2096 349 3681 9277 4779 790 5854 3576 8152
352 3549 3170 6053 5732 2999 1324 9647 4699 7014 2025 3845 7009 1592 5786 1854 7854 7578 9591 9016 6878 8577 1626
353 2912 7180 661 2896 4035 2585 5579 1595 8644 1051 3007 3672 9022 4044 6769 7206
354 961 6493 4421 3108 507 7682 5279 2809 7370 9324 4087 1308 2854 8049 1857 4173 7815 2454 2266 3306 9521 4061 3310 1576 9146 5474 181
355 554 6912 6066 6902 4888 6905 5099 194 8492 8218 8478 2871 3374 2678 7204 1356 4054 8053 4193 3043 2090
356 8703 9246 3461 4225 950 4205 5695 4756 8686 9632 8099 4539 2580 5350 8161 8676 2688 9855 7868 6500 2466 7495 5447 8982 6 4432
357 8102 1492 332 2261 7922 9127 3098 1110 7829 5907 4642 2621 2051 9142 9988 7018 9351 2462 3006 2022 1754 8472 5141 6035 7742 675 8331
358 7929 9985 2881 8772 6119 6133 2543 5861 7822 865 9000 4690 6447 1387 8270 2311 6802 5605 1477 4579 6472 2136 8330
359 6269 6150 2198 9575 3051 8785 5701 9272 1259 9667 6451 3174 67 467 6859 525 9422 5022 5795 6732 2001 4466 5126 6096 7297 6576 5646
360 1543 1734 8440 2167 6985 9033 3102 4130 3646 3146 4062 9881 9362 7701 1842 2142 6142 1151 8388 6428 3876 5129 7981 4005 6664 5485 246 1009
361 1305 1100 7927 9586 7382 475 5853 64 5087 2972 3231 9934 5154 2805 2237 5155 3516 2524 1851 8423 1437 792 2550 845 3229 702 2276
362 7188 1609 8351 3816 476 2144 7024 6388 7 3412
363 2695 7320 7648 4048 2769 3305 7021 9441 5877 3186 5863 9423 5590 571 4934 6950 221 4392 1549 5454 8371 5408 4556 3880 795
364 8329 7227 3536 3896 8061 4237 1035 1375 8532 1157
365 394 7864 212 9735 7692 1487 5457 1048 9482 7366 320 7164 9091 155 7914 344 7517 3401 6144 9791 7773
366 1005 8459 7224 7737 3616 4024 5952 7729 8820 3722 8911 8809 1824 5068 6027 4478 4201 8399 9365 2638 413 834 3357 9432 4519 2448
367 9313 3196 5540 5602 9477 2217 7595 9151 6907 6864 2383 561 9880 8115 1298 8354 2617 5015 5365 5749 3040 6045 3369 5362 5758 2203 3797
368 5497 4352 6630 8079 3829 3547 4561 9136 7106 9541 7966 738 1183 4215 5916 123 1760 1089 79 1086 5269 8797 8877 8939 9517 8690 9796 7795
369 1178 5352 8747 8951 3205 3624 7267 1123 1787 9554 2715 3379 9244 4571 2085 2785 3726 8032 8240 2879 3871 7489 6943 6365 1088
370 6115 7104 6208 9702 1910 7411 1169 514 1455 7984 9226 3498 6987 2417 1061 5272 4447 7719 1898 6840 7257 1935
371 4066 8458 150 5686 8059 942 2745 9809 454 6921 612 9534 6042 5767 9572 34 9522 6894 735 7059 1442 3687 1452 2819 2897 9476
372 549 9920 1640 8219 2686 657 7762 3133 8296 7488 8186 1946 3137 1668 9727 963 5525 2334 5071
373 4078 1512 3786 9769 4137 5371 7291 7591 393 2283 1092 4425 9206 452 9024 8280 5682 4013
374 2949 5393 873 6319 1322 3201 8010 1933 6564 3242 9415 1158 1507 6193 8837 5896 8607 2671 7714 9993 2227 1006
375 4637 7471 5425 1628 8575 92 8176 6744 693 7620 9455 1049 7497 5762 242 5637 5127 3080 7783 20 3128 2813
376 4829 1 5289 4270 254 6416 7340 9902 1926 2834 4468 8215 2549 6846 8684 3899 9076 1172 7814 729 6300 5988
377 6252 9109 1634 267 2831 1069 6056 1047 9661 112 6948 3136 1277 3485 2545 3600 5246 1231 1506 3571 9499 5057 669 8147
378 6381 4511 1524 98 9492 7663 775 244 9516 5998 1924 4266 3474 6165 2631 9083 8525 4514 2756 9995 2824 6490 5691 3240 7213 8867 5737 679 9061 9172 8211
379 3555 7810 6159 7574 1386 1647 4887
380 8292 5034 6200 2382 2060 3435 2076 4792 9963 9553 2548 6619 5583 5472 4218 288 4039 2162 605 1849 4230 4408 9168 8613 2593 2134
381 1209 2899 7804 1670 4632 7582 3031 5373 4978 9726 4239 9309 8222 4719
382 8675 9649 5554 4482 4493 494 7466 4937 6548 2504 214 5484 1850 7095 3926 4178 4076 4763 4303 4998 4424 4418 794 4393 7836 5244
383 3410 3409 7631 2518 9064 9410 6589 461 2407 8760 5768 3356 9593 1253 8813 2354 5255 2517 460 8999 900 2310 8226 2286 4281 6650 2658
384 5299 5510 4635 7196 7092 2790 6925 9652 4221 5670 6920 5139 4804 8763 2389 6504 7160 9323 4381 8625 8256 1600 7416 6876 598 4726 327 1418 2840
385 5934 7451 8203 9633 3680 5069 5088 8300 7604 4653 2630 538 5391 7016 6801 9471 7706 8702 5754 8663 6401 6087 6750 7565 3313
386 9679 5487 2975 854 2937 6089 3770 8984 3798 9992 7894 5306 4365 4190 2017 8842 7674 6318 1174 8405 2902 5867 3633 443 1015
387 2465 4455 4630 1904 9954 7659 8738 9212 3076 1906 7426 6314 7395 8942
388 606 3067 5369 1518 9182 1686 2802 4477 847 8659 8926 7647 7645 5308 8621 6366 4970 682 9039 8016 9933 9515
389 2327 1407 9495 57 3270 2323 7665 4355 2054 7508 8562 6722 5379 1345 6574 386 2190 495 6362 4081 4557
390 3988 7230 3354 3921 8681 2900 9645 2556 2525 7145 2319 9006 7237 1050 1357 370 1945 9055 3864 9600 6817 2133 7863 2786 8674 9396 1082
391 1776 8209 608 3073 1873 5674 3290 3531 9248 7564 4559 134 7734 4265 4360 6777 1696 5106 3587 7845 9161 6236 8442 6090
392 8310 5500 4349 1580 3537 2852 7643 4884 7573 536 133 5658 684 1525 50 5966 4822 4306 7308 8754 5328 2798 314 4864 7026 5443 1699 8019 9753
393 9449 2132 210 4639 531 871 9980 7770 3754 4566 680 8344 103 8258 1485 261 7029 9034 1927 3889 6136 5248 2457 2253 6789 9123 9736
394 3025 9347 4815 2992 1175 8609 1189 106 8798 8830 4358 7502 4578 2433 2263 7121 162 5609 8714 9271 2629 1095 1419 2794 4451 811 7824 4042
395 2920 2531 9556 533 5627 6969 5366 4441 138 6868 7560 9780 1827 1715 9605 7032 8600 1270 1691 5961 5820 9010 3349 9773 4540 3559 6350
396 187 9595 6206 3833 9130 4017 2527 9566 121 9789 7949 9368 5124 1551 5309 4517 6608 9565 4612 6299 8255 8706 7607 1665 6598 5972 7184 4288 7136 1579
397 3817 5332 2330 1203 3428 7286 5981 7879 7155 6105 3935 4102 7538 7652 373 861 9051 781 2827 8919 5846 7818 2032 8870 4292
398 7293 7287 3830 4016 1201 8937 5837 1768 7498 7793 5268 8212 6982 3856 8107 4560 1026 2932 5918 1021 2877 3327 7163 6981 5458 3255 6271 398
399 3371 4885 6951 1997 2212 8780 139 1385 3301 7168 3427 9013 6933 1938 9465 3589