0 2182 4671 6857 4803 82 4156 8968 2410 4575 8206 5222 4136 7429 2984 7948 9673 6376 613 9875 8817 9938 9369 8739 3841 5344 4841 6626 3529
1 1753 8545 4757 9732 6351 7430 2301 6369 1839 1971 1419 9689 4930 6829 8762 713 1858 5688 7632 348 1902 6254 2374 6339 5936 4981 4897 9544
2 2758 5336 9591 8841 3373 4104 5796 6274 4465 6412 5314 1724 1262 1406 7258 6607 9734 4035 6443 260 1476 2669 1372 6324 8637 6673 7938 9556 7021
3 5876 8366 687 7724 1421 1276 8257 2853 3821 400 373 8552 334 5833 1249 6698 9560 3359 9473 549 5743 2210 2597 2250 2094 3311 5178 9873
4 5552 1660 8851 5237 2966 9761 8285 1784 2601 6572 3986 7811 1796 8639 7199 7924 6334 8702 2460 5616 797 8508 4319 374 7858 4346 2969 2804
5 9106 6597 7787 4808 7798 3722 343 2674 1777 1797 9090 4988 8752 4602 9923 4109 2631 2488 2754 6004 1984 267 9377 8203 4961 5667 6161 900 1921
6 9714 2086 3630 6635 1644 5416 7800 9622 2562 6740 7122 9780 9222 924 5842 7515 7630 1780 9480 913 2733 8951 9514 1685 9900 4840 4585 9431
7 3511 94 4660 7894 3331 3733 2838 7866 2797 1218 2097 8755 907 3893 5346 6134 7737 1351 6775 6682 5684 4563 8647 5158 8712 396 2532 4111
8 2378 6557 5206 8120 2506 3332 3443 3803 3429 1671 8668 2370 9187 3502 3477 96 5643 8119 4261 8524 7599 137 1297 8747 4020 9687 4793 2630 1911
9 2417 23 5136 5895 1049 4639 2106 7598 8458 9308 4504 1630 1747 8255 157 5775 8960 8313 3378 5891 5893 3469 11 1470 5527 3668 2400 7348 6202
10 7136 9538 7031 3350 5298 515 4093 3489 9986 5856 2068 8857 8605 3543 5477 7378 2821 744 5038 4928 3597 3294 7490 9572 8533 7261 5780 6413 2084
11 1048 9890 2604 4937 8327 397 2429 3480 2194 9634 648 3507 9309 4546 9935 9252 263 9551 7003 8312 4333 8531 4036 8527 2862 4600 7926 5418
12 2805 4246 2330 8949 9384 8954 393 9055 8182 5028 1096 2355 5830 6915 7953 274 645 5419 3737 4429 7716 6316 9657 5615 8219 3962 6513 1235
13 746 6982 7496 8717 9382 9874 2057 7338 7660 7097 360 4375 8558 8142 7557 1819 7912 1781 6739 5469 6458 5992 5873 4270 5809 1634 4345 4235
14 6197 8896 9037 1614 2145 2569 1198 6686 8840 4263 4153 686 1319 5265 5135 8168 1571 6938 7225 8856 4982 5872 5765 5009 730 6041 8132 6135 1651
15 8220 8730 5209 350 2815 1631 5925 1770 3234 3320 5749 9051 8591 1321 5752 8942 2653 4482 2602 97 8405 5145 9450 2376 1798 3796 1559 3540
16 7674 2351 9942 8919 1380 4192 9121 2242 4831 2919 5951 7906 2390 3321 1029 2315 6861 5393 3244 3012 4211 9486 3947 6534 7152 5398 9866 6806 6090
17 6507 5524 7689 3679 5308 8765 1592 6359 3724 619 2230 6976 5282 1870 5067 8578 9427 9077 8674 4513 7434 7469 7360 809 1509 677 6269 6061
18 6423 4303 8415 9352 5400 504 7408 9393 4444 230 8358 359 8939 6484 1458 2283 2697 3085 483 3337 579 8557 1900 7220 2514 3197 4353 9768 4901
19 3042 474 9366 3264 3762 7865 2258 3520 4205 3508 6033 4435 5417 7712 6156 3137 131 840 9701 9911 5004 2356 8302 2197 7192 1820 4832 7165
20 3440 2803 8654 2570 1745 6766 8726 2021 2983 6606 8253 8296 7990 8963 4723 938 2753 7848 8199 9512 7749 9146 6702 6076 7807 4954 6404 5392 9700
21 7833 626 5149 3462 422 2166 5348 9892 6559 6847 8499 2935 4667 5909 6772 2508 8667 5614 6307 2490 6662 5141 3542 4783 6929 1943 7654 9838
22 8315 816 7695 3987 3291 1575 5499 5639 9848 1545 3608 6707 9250 4045 643 1706 7994 5631 1720 488 4220 3270 5657 9523 235 2703 1345 7215 4347
23 3190 7639 5475 6234 9702 5867 590 6205 5168 5821 9529 4657 3622 7388 1063 623 4496 1973 7961 672 9271 7905 699 1108 7106 3663 1916 5644 6575
24 4049 3076 7329 288 6150 8681 7016 1149 1253 2415 7071 3058 2019 7025 9177 5409 4492 6946 4162 5871 4154 242 2545 3219 5196 9001 5042 8887 722
25 8561 2830 5938 6655 3764 8714 9864 9439 7931 5277 2924 6862 781 2463 264 3897 514 7813 1845 7051 6349 3133 4463 2046 8567 1079 7004 5227
26 9191 1060 9913 2304 5171 1681 4076 9407 5074 9442 3743 9704 6085 5427 57 3672 9276 8757 3638 7634 1569 7567 2784 2964 7396 8060 8986 9204 2518
27 78 4922 5966 7979 9428 4739 8012 9394 3215 8588 8245 8008 5198 3199 1494 4934 9140 8155 2592 5179 3933 9114 932 7734 6533 3406 6842 8879
28 666 8502 4068 5997 7116 4718 1093 1888 7317 615 8213 7672 3849 1952 2982 9232 8764 4609 8495 4554 9578 1529 8252 4042 5864 2189 5621 2157 4361
29 6669 9740 3579 2693 9150 9629 1750 572 4413 6630 7305 4127 8661 6601 5732 5443 4509 887 6839 2665 1475 3626 3655 9032 2393 2441 2273 711 7577
30 7418 3482 4754 2526 5423 9907 33 4350 5278 4483 3402 1002 2859 6129 2939 4340 9323 2899 8429 3052 4731 2363 4848 6838 1287 5609 6496 4690 7162
31 6130 4236 2241 8829 2965 6822 2018 4395 8528 4500 2030 1557 1972 1761 7114 4845 635 8900 7168 246 7444 6047 4326 4108 253 2712 5029 2623 7917
32 570 7613 810 4327 9454 7980 6634 3587 530 9870 7767 4401 7589 3449 5718 1535 2692 7181 7832 4899 8930 8126 8905 9253 44 4592 1891 3048 9212
33 6056 6720 1339 8733 6284 3744 2053 6538 3882 9883 2725 2040 2416 5367 8148 234 6009 1763 5708 5061 6031 8229 18 2694 8660 1263 9100 3913
34 9351 9248 4170 1100 8193 5896 5744 9880 8076 7450 2629 5480 5411 2686 2464 7615 112 9471 4618 6788 3624 6342 4121 3208 9582 1288 3697 4184 4331
35 6975 6543 2813 1862 1390 3680 4514 8679 4079 8912 8573 3191 4599 5817 5191 2251 3820 4094 5463 4439 8785 3358 2199 4490 3547 575 1211 8715
36 7427 1204 6765 6493 4777 5318 62 6112 739 7671 3484 4019 510 3926 3180 1713 1613 5252 8947 3690 9574 7954 4999 1877 2731 1967 8771 8964 75
37 9872 7132 544 6459 2767 2519 1994 5772 4044 8493 3330 7873 5395 858 751 2872 9893 2379 5415 8457 5745 8287 6986 4884 8247 9563 2786 4419
38 9861 6257 3027 3324 9816 3266 6167 7441 4640 8123 4726 8824 1034 3807 6670 2372 3319 3231 9144 5853 9775 4024 8308 4705 4271 7089 7008 7260 1289
39 3831 6001 3693 9385 9636 6580 3033 3420 9044 7330 5474 5106 7370 2903 4813 9098 7932 461 1741 5421 6126 8738 8326 1209 486 8272 7371 9510 3952
40 3766 6668 7251 1148 8237 6348 2609 3513 9990 7135 9921 6954 832 4749 6696 9666 5539 1033 5131 8473 4007 4242 2284 8672 7463 2706 4256 265
41 4052 5326 8952 5881 5585 593 4137 6409 1127 7670 7257 8623 986 3974 1552 3463 8529 755 6792 3999 7547 2443 4485 1786 517 2911 6271 2719 7722
42 3153 4830 9131 6699 2752 3610 3091 308 4229 7455 1349 2948 123 9 3646 7212 1173 3432 7447 1230 9357 5250 7895 3727 4571 4590 7729 4977 1363
43 8849 7781 3899 6003 4976 605 7412 771 2207 111 9035 8191 5905 5073 2893 4146 1927 6689 905 9226 8064 2579 6774 3141 6356 5926 2985 4707
44 8407 688 6888 3201 6410 6876 8958 7054 8874 1427 532 8505 2818 1147 5202 9355 3928 5989 524 7403 1065 4651 5155 6022 651 4352 4998 1596 4329
45 4891 3628 9166 5310 3582 4530 8957 4048 8389 1082 8794 2610 5689 8334 6006 2187 5076 6487 5043 9142 9234 6101 8427 4061 7730 587 6371 9404 9600
46 5604 6980 5503 7253 7367 1588 7719 4356 927 8944 594 5694 7007 9694 3063 5758 3939 9465 9929 1335 5858 897 3023 8779 7281 4197 145 5674 5921
47 4967 1125 8399 6482 2085 3036 4975 5446 2832 4031 9368 9575 3094 5840 8329 9729 9525 481 8186 9125 7874 7933 1086 3045 7094 3421 1255 8465 5723
48 5057 1364 5908 3099 7579 7773 4730 5396 420 5343 7039 300 3356 2645 4371 9050 2714 2270 3728 5754 7226 7892 2336 8770 5795 574 8317 9255 697
49 4078 5944 281 9956 9175 167 941 6522 5301 2843 5584 9127 600 7242 1504 9588 222 1346 7624 6469 1200 723 5305 8788 7521 6305 8774 764
50 6599 2414 1066 667 3907 9462 970 7110 670 9126 203 6552 322 1879 4779 8031 8200 5554 4653 5078 162 6391 3995 9978 1594 2544 5507 4789 1154
51 5500 9561 2335 4311 462 4286 8609 4472 6553 3086 5192 6672 954 6878 2967 8860 3512 1502 9509 8656 5866 3221 6560 5408 7164 480 8240 2386
52 1764 6683 3833 3866 4050 9721 35 8911 5739 3565 4062 6813 5828 1483 1392 4414 6518 803 1426 9944 7780 5358 2160 714 3859 9723 1323 7187 2894
53 8033 553 227 5112 4966 1612 5706 9078 5302 5068 4856 7958 9466 8007 3054 2006 1161 6712 8233 2515 5321 7665 9061 7647 6059 439 6217 6974
54 6781 994 416 1779 4834 5251 9223 1299 74 5407 4140 8859 2080 710 533 4139 7750 1632 4133 9807 5892 9682 7619 7376 6654 3041 1399 869
55 3423 8267 7694 7752 5258 5082 6990 5596 3156 431 6918 4440 55 9792 7112 9852 8972 7231 424 7366 7685 5221 7440 894 8695 6311 6960 8631
56 6603 7343 5492 2769 9120 949 4627 2435 5887 4691 5601 8347 403 6272 559 4230 5447 2447 9597 2580 3658 4849 6209 1997 4412 7731 2099 6587
57 9435 3562 3302 2971 6790 4817 1203 4273 3802 8476 8318 7195 6352 7150 4471 8882 7889 6628 2272 6193 1463 4971 6241 9170 8994 8416 2670 1099 973
58 45 9417 5941 1140 7603 2768 8201 9571 356 2689 2522 4732 3686 3771 2151 6530 1469 6110 4451 3445 155 1362 8160 7524 3527 7843 2380 7908 4915
59 993 5703 5529 1139 5117 629 43 3170 5176 9254 1104 8832 6018 6471 6399 9214 3895 6962 5468 1101 7497 3087 8622 2454 6867 6358 5915 7978
60 1472 7855 5049 5668 1024 3755 4096 4134 1802 135 5397 7554 8231 9501 6450 9877 2419 471 6528 148 8664 1155 6661 7717 4228 2848 5789 9882
61 3815 5955 8017 9251 5829 4636 4486 5218 3158 1610 4728 7345 1144 1056 7310 1496 7626 4321 5572 9401 6144 4968 783 2953 6920 5548 119 6810
62 7576 4980 2583 1442 6313 919 2608 7896 3185 8603 4497 7000 2121 909 4098 6743 3370 5123 8643 6589 9541 9048 3838 5660 8708 9113 1991 5204
63 835 4392 5846 896 8273 1016 8790 1222 8627 468 5304 7423 9739 8345 895 1783 5037 7438 3973 4301 2073 4620 8852 3510 5261 8953 4516 6663
64 701 6488 5595 9052 7151 9963 4903 8828 1730 3784 9500 7267 3134 673 8650 7200 4125 17 7510 6333 6803 1966 4296 8520 6833 7951 6722 3006 4171
65 9925 3265 854 747 2239 4677 3783 2738 4004 9733 9812 9857 2017 8509 1103 5662 6106 5692 1523 6558 7940 1110 7224 3946 547 6573 1027 5410
66 4119 1817 5511 3618 3009 375 8239 1340 3654 576 7950 4223 2465 3251 1461 9325 3641 912 7208 3428 7420 4308 3084 4681 4702 1428 7593 7568 2451
67 4172 1035 4060 2244 5566 5610 7361 4089 5312 5045 1694 5291 4547 5664 2671 1439 5394 5003 759 1803 2196 8449 6917 4407 8803 7214 3719 124 4576
68 7426 1425 4701 9219 9612 6869 956 1440 2179 3481 6069 5818 9497 7919 9959 8051 7673 4085 5986 3566 5414 8719 5709 6 6660 1361 4526 3857
69 6950 4949 6992 7982 3992 4391 851 9107 3100 7462 5508 6449 8801 4748 8601 7102 6758 6315 4812 935 3749 2377 4267 2638 1181 4872 3468 2879
70 2586 5645 336 9522 1863 2801 8111 5424 4457 204 5592 3606 9303 9233 1353 5540 9674 5899 2702 1844 6700 1534 8393 9221 638 497 2781 3530
71 5919 1191 4994 9632 2253 4628 6519 8488 2403 1676 5659 6098 8435 9207 8901 1068 211 5422 370 6505 6536 1455 296 8058 3943 8891 5712 4978 5666
72 9014 4107 1113 2 4200 721 164 1245 1767 2061 9545 6354 5847 345 9707 4280 9169 3960 8671 8800 8467 6370 7512 6631 6415 8165 9349 2968
73 9211 3210 1805 3903 2930 3716 2770 4969 9314 5763 2590 3982 9618 8278 1517 169 2972 4310 6736 2192 9298 7145 7461 6431 3214 8225 8298 8096 4275
74 4114 7337 4773 3694 2906 8966 8746 4478 7916 5838 6586 2502 1695 7077 3028 7758 9047 6249 9266 342 727 9550 5011 1682 8749 9164 4890 5690 470
75 601 6227 271 3316 9790 2218 1229 4524 22 6037 3637 798 8448 9455 6418 4421 2740 5001 2473 8869 7193 8209 5575 197 7280 940 7362 2561
76 3636 8085 8781 3560 6177 6657 813 9461 5274 1259 991 1908 4410 6908 3747 3888 5242 8866 8271 9009 4208 1232 5190 2559 6325 1464 5375 3071 7234
77 3425 1143 4944 3921 3391 1961 5435 2762 5935 2989 569 2050 5080 4420 4862 3400 2484 6725 1565 5099 748 5363 8243 5702 8018 6798 2268 1350
78 6613 9594 7042 2459 1267 7249 5125 3326 685 2552 1423 2382 5200 6114 1358 4902 6714 2663 6232 1733 4102 7034 4790 1878 8555 6823 2467 2134
79 2584 3503 9756 4769 3126 8462 6727 7028 4545 4792 3105 6434 7596 2817 7702 4488 8028 5154 4359 19 1388 8102 5589 5996 8110 172 3633 7270
80 660 3827 7173 5942 4655 4408 5671 3904 1821 4888 5238 1292 9007 3568 1137 9196 101 6326 8056 1075 945 7169 8388 1254 5459 4895 8784 1690
81 9475 7096 1437 6961 1597 5360 6566 3182 3195 7190 8260 2474 3124 7509 512 8095 9297 1789 7563 2449 8021 284 898 4608 1119 5849 3970 1773 9770
82 9822 8205 7235 8400 6278 2873 5368 1541 6854 1680 2735 1709 1244 5993 2424 9712 1403 325 7350 1563 725 757 5225 3559 6169 6495 3769 6865 5638
83 3016 1271 7793 1756 5460 9322 6859 5138 409 5704 4130 7771 3798 1701 1453 3662 3837 5399 9922 6285 3965 9496 1912 9524 9759 8011 3024 2791 6906
84 1572 1359 1468 9130 7985 1740 5224 9725 4083 8477 1516 1915 2044 5808 9763 9830 56 9046 7762 6394 1814 3691 2437 826 5805 31 7850 283
85 9340 2607 534 8624 4034 6262 9329 7117 107 4163 70 642 1044 3368 3461 6321 6850 7829 7963 2696 6297 8065 9167 8940 2308 6377 8589 4605 960
86 5482 6021 9951 8503 2633 6123 5912 7393 36 8689 1749 9703 9228 8938 6624 3437 4740 5825 1591 4649 9834 3338 195 1686 4973 8376 5365 2007 7911
87 6440 7704 457 6363 3524 5525 9242 134 4562 9499 4844 872 3456 430 2549 6220 2110 1195 9611 6199 767 7140 6239 8112 7386 8658 8548 5930
88 7080 3235 5771 3950 8872 1558 3318 1525 2233 3648 9363 3846 529 7696 522 5737 6111 842 3880 8380 2180 8474 6355 5582 566 9863 7066 7178
89 8544 1038 9695 9042 663 873 8442 939 1620 7291 5781 2426 9057 5820 4551 3287 3639 4541 8304 3077 4626 6089 8179 7048 6360 4532 5481 3444 7264
90 207 1599 7014 8356 6556 7679 8176 2687 4017 974 8215 822 916 8426 557 6226 6384 1640 8827 9386 1090 6723 8485 9069 6828 4380 282 1665
91 6812 1831 5324 9606 6102 8651 1674 7988 9231 9153 7336 1799 6585 9672 2704 4112 1828 2660 1702 776 2958 5025 7073 5946 4877 2716 9971 6017 6051
92 7653 1752 9743 7969 3702 238 9494 5177 6944 2722 886 8222 8899 6749 3220 6350 9409 2087 3473 6525 921 1381 5120 6782 3717 4384 950 2952
93 1959 698 3361 7020 1059 6485 784 1707 2680 871 6210 521 1962 6665 3786 6968 4693 4847 2420 165 562 6517 614 9065 8241 9904 3161 849 6632
94 4974 929 8297 9966 1152 5574 7944 1194 2142 1089 1011 6582 2520 777 8348 2237 5081 1224 4595 6604 959 7113 828 4468 1705 8792 3349 5033 3634
95 5777 1833 6819 1499 6748 8526 630 1322 8004 7745 546 7334 4132 6735 2973 1856 7126 3276 2112 7241 8069 5089 1811 9291 2537 9099 3403 3285
96 2823 5030 5113 4099 8204 4248 1131 2433 252 7835 8055 6454 5766 861 7344 2193 3799 4865 9779 5923 3924 8010 2566 4287 616 3583 2829 9330
97 5455 4433 1531 1051 8950 1236 4948 6817 4454 2646 4489 2897 9218 6945 3944 5622 4240 180 3822 8692 4675 1072 2883 2360 9679 6667 7322 224
98 2652 5325 6046 4909 3954 6753 4694 9183 7163 4559 3742 9952 3131 3132 2615 733 2466 2792 8300 9783 8676 3726 1731 2285 641 9064 9161 8768
99 295 9443 8134 1037 4629 5945 1542 996 9084 2009 3229 4689 2316 5451 99 8780 2568 4054 875 847 3964 6848 7987 485 77 9991 5960 2504 9914
100 2922 3860 6595 7449 7109 4053 2920 7489 8377 5121 2513 1460 4430 6951 2837 6365 4106 414 8331 4670 2880 8411 9063 3066 9912 6159 8151 9724
101 7318 9992 3701 7638 6504 9678 9467 5850 9425 4900 3336 7213 9750 3003 5230 9547 8217 5957 326 1729 1157 9603 1586 4531 2211 2904 8574 2565 2103
102 6808 596 8170 1675 9129 2221 5522 1411 9954 5434 2763 4290 237 3685 5104 7053 5248 2047 7262 5431 5544 2102 6799 2302 192 2776 7123 7806
103 3590 2648 2524 6030 5855 5883 8711 3647 2477 110 7955 1742 2720 4161 866 4883 2658 2929 1625 9199 2172 5518 5085 6086 3936 5285 6633 8351 7534
104 1566 846 5973 4717 9273 2101 3346 106 3905 51 5035 7059 2923 9008 5972 2348 5567 8847 8459 6043 1324 5715 8962 6053 1765 8776 3366 3808 3767
105 389 9447 6200 6936 4710 8549 5079 3151 4325 5502 8862 7355 4379 2790 270 3677 1736 9653 8444 5778 4041 3307 6273 1277 573 8750 2119 7936 9138
106 7822 5147 2836 4650 1758 4018 6299 4358 9675 2654 1290 3494 3246 1091 1726 95 381 5464 6863 6900 315 708 4449 692 9633 5471 1136 8932 6172
107 719 1424 9460 2963 3268 8266 8417 4642 8263 5687 4857 5699 7877 1418 376 2387 2130 241 3852 9269 201 4816 632 1716 2257 6266 3589 7907 4644
108 4753 8579 8565 6250 8049 7086 8727 4487 8793 1693 7407 8815 9216 143 568 669 6621 3293 608 7070 9275 9013 9602 3459 2691 9586 8978 8753 7690
109 7828 2766 3656 3867 3612 4887 8006 9795 9437 8988 6531 1585 3488 9287 6742 6462 5484 7365 72 4405 5620 146 607 5342 6818 6074 7764 447 5211
110 9111 2563 191 7120 3557 6912 5351 1238 2846 8025 3379 1589 1436 8332 3096 5695 6302 4836 4860 4846 8181 4537 3627 2927 3930 6397 9615 9941 9932
111 577 3025 1734 1700 6374 73 8368 5296 4758 7651 5793 6224 3795 3317 2739 2949 9387 7808 4604 438 668 1843 1841 149 7991 6068 5513 1268
112 586 4501 6093 7219 1737 6322 8970 80 8441 5879 2028 8413 4456 863 4943 4365 3043 716 6827 179 6196 4569 4624 889 3909 1015 1270 7559 2388
113 5832 9662 6265 2305 273 5126 2840 6036 8316 7038 4293 6460 5018 5015 628 5730 9119 4305 4924 4786 139 3523 1112 2751 7617 2779 4956 3570 3810
114 1579 2996 89 2933 9640 9937 4313 3281 8642 323 8511 1526 709 3730 8124 2185 7236 4645 8107 6870 5283 9176 349 2063 9805 5650 1928 8307 4087
115 8980 5130 4951 8130 3396 555 3335 2613 2064 6276 3277 4687 8352 2354 5947 8688 1876 5495 2941 454 5203 3223 1017 4907 2510 7050 9697 2016
116 2446 6497 7984 850 8083 232 9540 9599 4931 6795 9917 4028 331 4601 6175 6653 3499 812 8259 122 6468 1202 6548 3369 3015 8218 1739 2668
117 8346 9243 8523 5116 5598 5102 5619 6309 383 4652 6800 3434 8956 3303 9326 5270 4555 6466 1823 6140 6070 8071 9348 2294 8981 7930 7474 6898 2994
118 8172 3496 4797 9470 8615 2401 3019 8577 1306 6690 8652 3563 3310 6809 9390 4177 8758 3113 976 8525 129 9479 3257 3729 1396 6153 5897 5284
119 13 9446 1893 8586 5940 1562 8494 8365 6331 8150 5603 2255 1371 1936 3983 9122 2432 2910 7433 5194 2688 1129 1633 6569 7738 5215 870 825
120 9742 9589 9820 3763 7084 1441 3847 888 6162 1020 2802 2116 6178 2576 5075 6786 494 7676 8868 2898 329 3526 10 1790 2203 3652 7837 5320 419
121 9581 3775 9104 6032 1505 5726 1854 3858 425 6824 718 8294 3290 3034 9996 1416 2889 4706 2131 864 3395 8202 3712 640 6251 7817 5736 5044 6164
122 3922 3288 2855 1909 9484 1659 1487 9936 1098 1074 7522 3273 4825 9279 8378 3978 183 7410 2453 5630 6081 7092 5286 8576 2571 4762 8024 5065 4964
123 152 1938 702 6463 3455 158 9147 6979 8812 3487 9375 6145 8507 9448 6873 3616 7081 884 2045 3252 7254 118 1646 9082 6222 8918 5970 4871 4131
124 5062 2847 6610 9811 3417 9625 4069 6446 4938 2071 9720 1166 5803 1223 8489 4839 830 1156 6054 1087 8806 7391 6911 8084 1543 2942 3305 9841
125 2636 6330 8513 1205 8162 1985 5916 2771 9451 1032 4679 4002 5290 8038 4598 4207 1886 2070 1366 5164 7170 7452 7252 4959 7705 8596 7319 2661 6065
126 3039 1247 4238 3476 653 7992 3348 6361 3745 1301 8628 644 1935 7588 5379 7069 7836 3193 2662 5034 458 9649 7977 7505 3938 8582 371 6537 7796
127 8598 6687 2069 8625 4622 6767 1593 7359 3715 7597 6472 6456 8145 5108 4855 6100 2309 8587 7093 7550 1234 2476 5649 7453 3239 4680 8290 6625 7492
128 9488 2163 5914 7335 229 7177 4282 3040 1121 4264 8067 4374 6082 918 831 8129 14 1941 2988 9088 154 5243 6899 3424 1393 860 5717 2901
129 2600 3171 8971 1835 780 706 6221 5742 3770 4396 83 5329 6581 9824 8149 9794 9630 285 2118 9746 6373 8456 7714 37 7518 4947 2349 9109
130 9888 1846 3972 6117 6563 4573 320 541 9289 2788 452 7939 3819 4382 6483 7556 3535 5810 7964 6685 9062 1953 7687 2328 3354 843 6639 8167
131 1574 8372 5740 4091 1907 208 6731 4315 8460 8655 2799 3453 865 4603 6414 8713 6306 6050 2726 4886 1384 1979 7754 441 2709 4580 7194 4594 5255
132 1785 3247 6461 2003 4455 6481 9825 2950 8235 4334 9976 8437 4658 339 7058 7044 2979 7578 7141 4330 6372 114 8763 8777 2269 5054 9388 6546
133 9738 8432 1956 4917 8471 5436 4553 7278 4953 4095 7614 2020 3314 2413 1145 6166 9040 8480 9749 807 4029 6477 2824 4993 4291 8061 8583 4708
134 6424 2091 9940 8324 3295 221 4183 6419 8517 1872 7473 2857 6510 1621 6026 3343 4970 4149 2598 7398 4920 7454 8742 8818 2170 8682 1607 1868 6246
135 8099 8961 656 1275 9190 2049 1865 4692 5315 4520 8894 4101 1489 7308 4776 4814 8226 302 8198 1043 5143 765 5039 5728 8559 8164 7841 2809
136 2849 7720 5756 3735 291 2024 2167 2322 6312 1897 1564 3548 228 9845 3026 9344 2200 7217 3824 3768 8173 2619 942 5599 9476 8830 2556 9847
137 9155 9445 7611 8566 6620 6027 4795 2238 1433 9531 2062 6651 6368 1744 8796 6380 8087 3376 3549 1582 9639 317 8632 3135 4517 240 7294 1503
138 2603 8504 548 3064 8613 9915 3667 3830 2525 7024 8369 1206 5497 7247 7893 8926 2945 3253 8291 176 1356 5452 7501 6688 8782 127 2620 2936
139 2734 3856 4259 4006 3844 6016 9229 250 6230 4432 3892 7928 3435 2657 1507 6539 9011 5640 4475 4972 7 1982 3154 4255 5711 9030 1533 9015
140 9413 6152 7395 9224 9416 4314 5058 2409 7316 6256 7761 67 6025 3065 3175 8190 3047 904 3714 9521 1008 1018 5316 1714 5386 9774 5489 7775 2367
141 9151 2795 5334 3278 7323 4030 1138 9975 4341 7629 161 4519 8248 198 2845 4167 7218 6124 2271 9693 6831 7263 1500 8606 9025 3148 5698 6038
142 5370 5801 9361 4535 4249 8072 216 3556 8641 9885 1158 5279 2577 5600 4368 7172 3574 3596 9676 5697 8091 6825 5234 9637 9698 3173 3008 6133
143 6428 4166 5555 3781 9751 5783 8634 5163 2310 4647 1092 4544 239 8390 4213 5095 5958 3602 4719 6555 6937 3572 1183 7618 7711 9071 9152 5681
144 4661 7205 4503 3005 2353 8701 3272 2027 9660 1304 5440 6590 223 2534 2759 9483 4027 9567 6853 1970 5961 5172 9301 3081 4367 340 2291 1397 7502
145 1434 1062 1186 9459 9627 2358 3114 8454 5510 8211 1861 2891 1126 4511 5786 2125 1272 5212 4742 46 867 7818 3498 9953 9208 9828 8092 6650
146 8424 5557 9441 8745 9817 6292 9504 6286 6535 358 9526 7935 7949 1642 8886 5479 6146 595 1955 6270 1159 4000 3699 7480 5937 6012 9188 3059
147 962 7047 1067 6475 8820 2775 2710 9350 4190 8728 3362 6693 8861 6187 7692 982 2564 9553 9518 6020 3509 7827 9948 9881 1404 5231 8514 6088 3232
148 1179 8406 3681 1772 7707 6985 899 4734 3984 2286 3794 7645 1934 680 7586 958 8975 9709 2319 6984 4253 3591 5776 6260 5110 8731 936 5007
149 6891 5673 7380 3260 7519 6520 6341 117 5911 4174 1647 1045 4402 133 4669 3344 8401 440 6678 9396 1605 1208 3688 3438 4995 12 6564 7718
150 1769 9194 5213 7552 9836 5307 1055 484 9240 2083 6185 8335 8989 6174 7623 3129 7514 536 7079 5338 1284 2074 8433 7052 2261 6029 3931 8696 6491
151 9371 3075 7421 7331 3442 768 4302 800 5969 4588 2928 4515 9300 8371 7167 4148 9021 4780 8571 8767 104 1501 9193 6797 1981 3057 6755 3107 7887
152 2635 1896 3119 2396 4926 3405 6643 5759 1420 7743 4040 8144 9628 9068 30 3389 3204 507 3007 4894 3230 8342 9950 5017 6013 453 5953 7555 7688
153 4466 8039 6890 7581 3050 1515 2782 3625 4025 7401 9056 2184 5913 4986 382 9595 1537 7881 4086 9532 2641 8344 5319 1834 8197 1316 2215 8268
154 7584 9246 7183 2205 1241 2036 606 2136 6874 620 4684 8153 4425 2589 7844 5971 5642 8804 6083 4663 7057 5364 8836 8174 262 3226 6094 2217 6479
155 6198 9957 1348 4436 4529 9549 704 9182 8251 6385 4292 4284 8455 1294 3441 8175 4538 1450 6336 7825 3296 9859 9623 732 8516 3274 4775 2810 592
156 7609 27 9791 7026 5333 7176 9302 7356 6750 3785 3863 2052 7157 2675 1142 367 5880 4493 8563 3372 9132 7250 7857 983 2938 852 3138 233 4678
157 2921 7494 4088 5965 6922 3292 9356 2334 6236 8974 2547 1182 1303 9118 7739 492 3409 1213 7628 3761 8735 2621 9201 5629 8306 3083 5317 1778 9478
158 2995 7574 5984 9592 9806 1794 9831 7240 7142 3069 4665 2412 4376 6508 639 3692 6940 5493 4861 4686 4073 5663 1583 5521 9934 990 6189 9643 519
159 8141 5967 3534 69 1053 4983 682 9583 8649 6344 7091 8808 8115 5848 8135 5827 8599 3325 4842 3000 8612 1699 8633 442 3988 2501 1484 2957
160 3256 1387 8870 8464 9073 4867 9537 2266 5105 2320 7610 9664 9179 9844 8814 4378 9264 4164 8230 9005 4709 3200 2025 857 1937 3760 6235 7655
161 7678 6671 2793 5537 4152 979 6710 3439 3341 8486 5096 353 2033 6137 947 7013 4800 2299 7732 9901 3497 4772 8690 948 5294 1295 2444 5240 3116
162 4904 7175 726 1278 1325 7286 792 9546 9436 1007 5906 7802 3415 4074 3828 4328 7500 9262 3718 4853 7920 4445 3224 8510 3993 3607 2850 1001
163 4611 2864 6214 5483 4151 5714 971 311 8036 1207 7847 310 4100 5962 1905 802 3576 588 9345 1273 3736 7339 6489 3800 79 103 4422 212 6422
164 4616 7382 8592 7922 9139 6005 9565 8897 9554 1679 3166 8106 1948 4583 4851 4335 1918 1073 1480 6691 1078 5339 661 9342 1333 9023 8387 8114 8909
165 3117 5613 5889 5128 1080 8046 473 662 5401 8040 5509 5064 2998 3629 6706 9312 8370 9624 4372 5139 5656 2240 4979 3752 2819 3451 1875 1367
166 1826 8128 8073 736 3323 5066 1009 4566 3037 7415 4822 2120 2262 8842 8279 1456 618 8336 8054 1884 7669 1663 186 754 1474 3979 8585 9799 6148
167 3155 3756 3383 9787 4144 8584 7061 6057 3500 7765 5055 4892 8659 7300 1094 6846 8519 9587 3433 7083 4536 2503 7139 3352 2311 4913 1184 511 9958
168 6096 7186 3471 3659 5534 7259 1095 3934 1485 2280 7243 560 7701 1873 8787 9421 8773 4244 5977 591 6194 5328 5624 7228 9148 6203 4923 946
169 1999 6319 554 3746 5968 6255 9961 6994 6328 1602 3603 2647 1128 2724 2032 5577 4737 1623 9162 5267 6067 1162 316 6907 3157 7900 3645 5779
170 8854 2202 182 6756 2479 3186 7149 1944 5748 8309 21 7766 6882 3269 4918 9810 5485 7570 1265 6383 151 8521 6139 2884 1881 796 9018 362
171 2368 9850 2554 3914 8530 2912 8834 4116 8876 5355 1899 384 2842 6388 48 2741 6403 8310 2700 3738 3843 8079 7902 7289 2976 1369 9358 8805 6216
172 3353 1539 2954 276 7769 443 6554 1344 3130 1242 7727 6927 4092 1847 6836 4727 5056 6963 9083 3788 7797 543 8789 5764 9112 4561 2075 6942
173 1577 8669 1816 7309 3380 8418 7842 9315 7468 7703 9281 9012 4985 5306 475 6448 1495 226 8113 272 1334 3002 8838 2434 5633 47 8619 2296 7649
174 4960 2297 498 6864 4123 1923 930 1368 4003 5523 9910 9247 5162 3136 1830 3525 6396 8461 4499 8098 3365 5902 9631 2667 2264 321 953 8898
175 7148 482 4481 479 627 1430 1521 5323 2624 1317 9260 4823 1919 3382 32 2757 6924 3790 772 7710 3206 3538 7101 6317 6921 6972 3038 6656
176 6638 9440 6959 1590 5005 7482 5188 209 689 9658 5501 9089 2833 7740 7431 9876 6353 8158 7373 6571 7565 7303 8985 2115 4297 4518 5618 9558 5453
177 4523 5241 552 5377 2013 4165 7349 4621 8518 5142 2078 8967 3834 6457 7130 981 5590 4752 7635 6529 7255 7562 7055 4008 8554 9452 120 202 8385
178 333 839 7448 9785 5826 1283 8991 8506 6562 6666 7942 3194 9158 3705 153 6147 8720 9534 8367 6894 2277 1989 3977 8542 5391 1601 2371 6173 2681
179 306 6897 7946 9079 4715 2279 5693 1735 6919 5023 7472 8931 564 2165 6591 1488 6492 7585 2026 4606 6019 9744 5719 25 8068 617 4674 8314 5823
180 5634 3240 8286 4802 1465 2201 5637 7675 4874 1980 392 5289 5332 3390 585 9616 9999 3571 2639 9337 28 3676 9608 455 7477 7002 8928 3504 8636
181 3875 3384 8927 8547 432 408 5901 1012 5053 8593 2243 5442 1960 3806 1838 9197 5026 3594 4868 7507 9663 9225 5932 7644 2533 6503 5551 8479
182 6042 405 8386 9286 8261 8421 5166 6738 8349 313 1643 301 4835 4090 245 6594 7700 3088 9626 4725 2361 520 3578 5560 8002 1446 2925 7153
183 138 2517 5564 3598 1178 3347 2439 7369 1657 8466 8602 9839 249 6684 1914 2256 1616 7143 7879 2742 7819 8354 1061 737 2627 65 2594 6264
184 3516 2156 49 487 2195 4126 3079 7915 3777 789 7536 4047 1097 3695 3753 5268 9513 3109 4187 1649 433 9402 7799 2065 2505 8987 6955 9918
185 6190 8440 8177 6925 6275 9027 1412 9456 3887 4736 7284 5327 5063 7620 6741 3250 4051 354 3056 2458 8704 7204 9680 818 6408 5948 8070 1298 3082
186 4322 7256 8797 9039 9123 7621 3242 7227 2917 7709 878 3146 7846 1929 9359 8223 8210 1654 9316 6064 6122 2934 6583 4850 9642 205 1313 9296
187 4065 8184 8969 2715 5181 6718 4597 9184 9006 7664 5059 2946 7443 2944 4011 6338 5806 6045 7314 3245 3413 3864 5180 1337 4196 491 2123 3436 9346
188 3123 1925 6931 8833 6815 4250 4298 7751 9781 2183 8013 1444 9072 4743 1146 7909 3418 9647 2164 7067 4939 3613 8922 4584 4798 8484 8187 4875 8009
189 2870 3181 6796 1417 1175 3836 4858 2313 3544 597 7816 4021 5405 213 7088 2015 6323 2128 923 1510 7627 9972 3577 1527 2749 8880 7903 9410
190 2711 8948 5532 9378 1608 5086 4828 8264 8000 1692 1431 2397 3975 2730 1452 6565 2108 5816 1656 8086 4206 6455 3994 4039 6532 891 2456 6952
191 9215 2381 34 5462 3623 3122 5683 7541 9495 3212 6820 2178 4873 1482 9299 8355 1225 7103 646 3900 5626 9468 351 4908 5549 4437 4556 2956
192 5588 4796 2890 7230 3811 8937 2375 174 6470 3813 8147 6893 8686 7001 4761 6998 4838 8029 4879 774 6642 160 8169 3948 3196 9080 7839 2267
193 4077 8546 2557 7929 5680 8697 7239 9395 200 5071 2931 8214 8512 412 1636 3211 64 398 9017 6023 401 9610 9539 7551 652 3207 7424 341
194 2851 2496 6729 8885 1600 7485 7488 8292 2470 7268 7503 1867 2606 7663 7233 5565 4656 5651 4498 3915 8340 9684 7486 113 4820 3168 7934 8443
195 8450 7487 9336 8438 1560 3049 8320 1302 6793 7062 391 3490 5281 5122 965 5646 903 8396 6058 5087 7814 6080 9374 3111 3588 4552 2895 4063
196 7735 90 446 1818 8445 2144 3090 6652 2161 3388 7328 9908 225 6044 7882 7033 9419 756 1903 3029 6605 1827 876 6248 7119 3664 4643 9827 2436
197 9049 2090 330 4279 779 1969 6049 4452 9186 1118 9760 8047 5438 3010 1667 5956 633 3419 2625 5288 2628 4283 4426 3687 9865 5161 5774 9802 6511
198 3233 1824 9492 4318 8751 2394 8178 975 1549 3683 5983 3035 2977 8384 5720 9757 6223 2886 3371 5625 9926 5735 4336 7520 5569 427 1106 503
199 3611 5535 8026 40 2578 7728 7406 5457 2289 4370 4774 5309 8538 2404 1662 5652 6802 7292 4399 4991 5933 9313 6751 3848 7788 2834 7537 8470
200 2440 8339 551 5472 5448 5705 1373 6866 9994 3254 753 7387 3360 8185 5727 3458 3073 478 8626 657 4225 8157 9569 4927 8810 9765 7470 5473 1445
201 4469 377 450 4239 6073 4227 7891 499 6547 6711 7037 3817 8337 7612 8675 5982 6170 5239 8138 8208 4528 622 8772 5091 6308 2828 561 3080
202 3448 9213 4122 3333 7790 5542 4495 2574 8005 2595 4124 2887 7838 125 8140 6451 7221 4103 3263 1084 1438 5814 6541 3112 5882 7223 4268 3188 2107
203 3592 1377 5069 6474 7295 9241 610 1258 7592 7419 5322 8769 3284 6192 4277 1070 4406 6494 3776 1400 410 8748 2978 2072 5870 9423 3030 7063 3818
204 6392 8090 1014 6092 5151 7723 2096 6389 980 5403 1668 5412 7340 4294 6426 3896 4059 2425 9985 1252 7085 1514 7897 9686 8100 5430 6149 6142
205 187 8983 9584 968 8906 6464 184 8741 1354 1307 5311 9654 71 9280 8621 7271 1057 9528 5617 4668 3793 1019 2655 7457 892 2041 7631 1185 9307
206 8725 6154 3533 9506 3845 9096 1414 6128 8993 3532 2011 1825 3635 8482 2369 7018 2485 8321 6967 742 3966 142 372 7602 7746 5678 3467 7641 5738
207 327 6785 7397 4896 3150 15 9909 6295 7111 1248 3398 9809 1405 3377 1135 4080 6991 3885 1652 2023 3969 1658 5785 4664 1800 2999 3072 7134 694
208 526 5383 8657 961 1124 5229 1677 4745 7693 5568 4833 5550 292 5093 9256 6282 1169 8034 3248 3600 3097 9472 6926 1378 8979 882 4962 1946
209 2265 2146 7394 7698 2914 3411 4673 185 3018 4446 5429 7525 5441 1188 7276 611 379 5357 2684 3017 9341 9305 9849 9667 181 2345 7965 6179 6091
210 2150 7708 5721 6871 3177 171 2642 1898 4385 9376 8258 5811 5137 4925 1170 920 7248 2181 5750 9946 3115 5576 9813 2427 8081 6052 836 3422
211 6570 3551 4766 9646 4716 5868 8798 5170 1603 5425 7925 2760 2314 8775 3401 2324 6104 4043 7783 8795 1949 7657 8188 464 7970 5787 9786 6390
212 3249 3877 1704 874 7279 7668 703 4231 2001 465 9093 1172 2495 7290 2171 4614 1050 583 7573 7582 5788 4013 1628 1454 4411 501 4940 8180
213 7849 3505 2332 9984 4 7203 6500 4809 8154 4272 7484 76 2699 5048 2560 5378 775 3327 4787 5676 5722 2471 8088 3426 41 8916 1672 4014 5107
214 8995 3209 9075 5127 5612 791 7299 9943 9808 8638 9771 4869 7404 6701 6433 6841 3961 4143 4911 9237 6880 8357 7666 9022 8409 5256 6332 977 531
215 6885 9136 3878 2755 2135 3671 7464 2531 5769 525 1683 9677 1698 683 9024 8732 5546 6526 4763 3666 5607 6855 9335 1479 2718 7726 9731 496 2497
216 7633 773 7030 9755 5148 5020 5670 6902 2937 5183 3506 3392 3241 2743 8254 5519 2219 9156 9706 3792 2035 7451 3586 4150 2054 7156 6240 4965
217 3902 3832 1751 2858 2186 8108 1996 1151 4889 6296 3110 8159 4212 4288 9091 7681 6977 5272 7285 4778 3809 9086 1857 9620 6181 8077 3381 3580
218 6845 9054 8027 9304 7742 6280 8924 2232 5760 2558 8391 6238 1214 6716 2683 8295 7499 2133 9867 4464 6608 3990 821 6077 7154 9505 1697 4037 3517
219 8551 3581 6664 9019 7543 1217 1547 2774 1895 9854 3825 4383 6213 9043 3108 984 4522 5205 9730 3394 4932 8101 6593 3713 2567 2572 8412 1551
220 2139 1130 8166 477 4386 4001 8375 9380 5253 9889 8131 2188 2685 1829 4128 4072 8867 1581 5733 6987 6641 8998 459 5016 5725 7968 8062 5991
221 1134 5467 2874 3919 1429 4587 6826 7296 4348 7374 2509 4818 9278 877 7491 5978 7159 7425 8537 7325 4245 423 5341 9557 8146 6303 9003 6301 969
222 9282 4581 128 2916 9772 8884 456 7878 4247 4289 8889 1754 2900 7809 914 6545 9066 1950 7495 9566 3357 1782 1506 6832 1626 24 9869 7540 5885
223 9284 3452 9257 460 7575 678 9238 7777 7680 4110 972 3315 3095 6345 2800 4819 3971 985 7684 1394 4142 9879 6694 859 1947 6184 2807 7471 2338
224 9832 612 9868 5349 3306 1042 1689 1342 902 9317 6138 1889 6719 4343 4448 3067 5924 4404 1286 5362 9319 885 5558 5515 1958 624 6157 3829
225 4189 7313 417 5815 9899 8766 6304 2644 7045 7304 5297 8350 8691 8066 8915 3886 2798 6288 2839 9137 7548 6592 2529 9277 2214 5543 8941 6279 3386
226 9189 804 4507 9685 9263 5949 6676 2748 8262 6329 3280 3631 8892 3700 2617 3301 1567 5186 6417 6219 5807 9245 9181 2991 5536 5276 9444 2587 5707
227 2993 1415 9200 3312 9752 7144 2868 3103 5570 3865 9173 1215 6773 8883 8338 1114 8497 1336 1216 1296 944 6801 3022 3237 4381 2357 7772 4364
228 7937 8644 6623 4217 6910 6794 2154 9762 9324 6872 3835 2153 8855 387 7587 917 7437 4738 1291 7956 3140 4462 4613 856 3661 3758 5216 1653
229 5254 352 3765 4824 4607 6125 5022 883 3430 6097 1688 7282 1003 3585 1885 388 6079 9426 8379 3732 728 2159 2109 1930 6713 6881 6776 7774 1648
230 4804 750 6754 7699 1776 6444 5228 7379 4799 4158 833 7076 115 1261 7099 369 2043 7210 9726 8822 6118 9399 2905 9074 7923 9474 5845 4747 7364
231 7138 6425 6879 170 2756 4309 7375 8673 7483 8723 5964 7009 3416 3393 539 3599 8534 4596 9896 7098 6071 2461 1718 7868 9924 937 6435 3870 7010
232 3709 2698 7871 5553 7232 4697 2129 760 2489 790 995 5169 609 7860 7831 6453 1536 1088 8419 6035 2773 8275 9101 5819 9962 2616 3101 3531 3143
233 2223 5939 5195 1976 5244 1260 6099 2745 9491 472 9420 4316 3721 2500 9002 7564 9507 3408 6759 4285 7945 2438 6981 4733 6447 7553 5257 5470 7820
234 7320 4397 7918 3951 2147 8663 6007 2450 2961 3176 3262 1880 1320 6253 4160 6851 407 538 3754 4854 9102 3673 1447 4593 9353 2067 8374 3876 7652
235 6933 811 8740 1407 4195 1462 8791 6747 7748 5119 2055 2643 4612 394 5804 6837 2341 8837 4837 8496 6259 5449 9108 6499 8522 3345 7801 2678 5987
236 4768 4805 910 5669 1210 8910 6616 6437 9798 1519 6609 8907 6367 9458 8475 8597 6644 5498 3162 9028 364 269 9903 1978 3940 9045 4714 9860
237 3873 4574 8977 5185 1220 8693 6703 2908 3711 550 9593 2986 8722 7792 4157 6629 4843 4191 6964 7826 6923 3980 5300 1874 6704 5559 9968 8683
238 3145 8299 7011 3519 5520 4175 2622 2536 437 9737 6171 7068 9833 1102 3723 6439 2951 5150 4202 7646 2222 7293 3163 6887 1975 2329 4586 1212
239 9988 9814 3339 6231 6509 3881 3225 6393 4589 4929 59 545 116 4713 3889 700 2364 2407 2596 6957 1077 6290 8716 978 7616 2907 5432 5273 6614
240 558 4260 8481 3385 338 3275 1300 2331 3192 3774 3313 5249 1650 9081 7859 5943 3869 8414 2997 967 4234 9331 2987 6619 6136 2385 696 6680
241 156 523 2785 7744 7867 1604 3703 901 87 1132 881 7400 1490 2014 210 318 6953 3884 7127 279 9265 8923 6636 8515 6717 6028 3474 6121 8694
242 1587 1512 8080 2228 9397 3412 3479 5157 9619 4638 9690 1524 8844 259 3963 3657 8707 5573 3031 3967 9656 3823 2729 2732 9542 3734 8539 1954
243 671 9288 9635 2012 8234 2677 2058 8423 1064 1792 3364 3407 7377 6757 3514 9668 3567 6387 7027 4711 4216 3861 9789 3842 8343 9748 1150 4418
244 1466 724 5156 9699 3 3238 8500 9753 4145 7105 9842 9983 5611 9464 1451 815 5541 9981 5799 9429 3032 2575 5381 7342 6490 1629 5002 3334
245 5959 7216 8543 61 6995 6421 5857 5784 5496 3675 4032 6999 5834 2082 664 9598 1383 4299 3945 5444 1703 3593 8323 9886 7411 9987 1801 1508 3227
246 493 7606 1556 9933 5999 1293 2295 7880 6218 4241 715 5420 4992 6486 1413 7779 2226 2806 7189 7504 1696 366 6602 1538 2104 8487 3074 7049 6835
247 9058 4989 4390 817 5263 4304 8381 8478 4193 6567 7131 5963 3121 1352 9334 7795 5487 2975 2723 9239 1922 1041 9661 6335 7810 5685 788 3554 5208
248 6340 3929 4568 2736 3696 7147 6267 9485 7046 2538 1360 9964 2539 8436 3894 5746 1840 5098 3539 3751 8397 4859 5981 2405 344 2902 5050 8265 9895
249 8724 5837 9202 6402 7650 5654 8410 5303 9949 5235 1000 1395 2092 6728 9609 2300 2445 9717 2344 2208 786 2764 5445 2282 4682 3906 9580 9555
250 395 2765 915 7060 6983 5210 5682 4672 1882 6268 3078 5998 8536 1721 9902 4815 2290 9596 508 463 5264 1107 9605 2398 5173 1105 4548 2611 8618
251 7995 1573 4996 108 1123 9773 8933 3001 1477 4785 6697 7753 6646 6176 5006 8908 2216 1906 8608 2974 1528 4755 4012 6141 2885 7029 4257 8194 819
252 8595 8590 5653 1520 1554 8575 9391 8737 4521 3167 1228 6674 1933 7043 2114 7778 999 2333 6939 5563 3564 2190 7465 7125 9788 5593 7697 7399
253 6229 3104 2418 4480 4784 9980 173 8249 5159 2947 8760 8976 8611 6996 1771 4113 4955 2307 1743 7041 7160 4912 4403 121 3014 3092 1327 4635
254 3187 8468 8227 1822 1398 6966 2391 7201 565 9274 6225 4720 9906 6060 5152 3605 4129 8082 1338 8825 9519 9206 1974 2383 6506 4619 5635 8360
255 5371 8152 6245 5545 1448 1239 5478 1932 7202 2960 1309 2122 5024 7321 2342 9290 4470 2173 5980 5641 1945 1617 8045 1995 9134 9320 1522 4767
256 3216 957 5077 4870 4046 7158 132 2794 9853 7078 5533 5404 2276 8925 5716 8373 4750 1578 7040 4876 2932 8428 6501 9766 4138 9579 4540 518
257 6430 3632 4765 7481 2293 589 7022 6744 9415 5133 8877 1163 2124 5994 7146 2060 5187 8333 6087 9294 2002 9259 1318 8648 3959 7804 6821 7460 9741
258 102 2550 8125 2472 9621 6242 6622 4015 2318 4577 3925 1023 2408 6337 7035 7307 3927 9487 3329 5094 6934 1687 8451 2990 2248 556 6442 3375 647
259 8057 862 5528 3682 9076 5144 6105 2744 7993 9270 4941 9087 5691 6721 5027 2326 8614 6965 7943 495 2081 5437 8127 2962 6201 3840 9573 2582 6804
260 2822 5041 6640 5153 404 8277 3573 9745 2158 1326 9482 933 1920 2682 2981 4373 5199 5755 3255 9516 8361 8163 6909 2896 6783 9347 4354 9163 9577
261 8858 6770 528 8052 4415 3267 6618 5556 1167 4579 4178 9993 7459 9414 3152 2225 7733 8196 2259 5458 6886 6109 9198 8556 516 378 6947 7533 6441
262 7883 4634 2649 598 5109 9856 5167 9272 2303 4388 9815 2808 7072 6143 5426 5299 8221 3004 1619 9171 1332 2875 5217 4905 6577 3328 769 7756 7456
263 9543 7642 5476 9804 1250 4084 4221 8328 5757 1555 7352 4582 4565 922 4226 278 3805 324 9758 347 6095 7594 9503 5677 251 9422 7174 7422
264 2209 6956 8431 2482 6000 7436 236 5875 8581 257 2260 636 2389 1314 3061 9400 8276 2492 9928 3789 6401 2317 2588 5812 2866 7741 1678 5988 6588
265 8786 8653 5934 144 2212 3851 81 9362 3780 1269 1849 7432 3127 7005 6544 8759 2708 8684 9511 4987 2486 7862 752 6478 196 7478 4502 5851
266 4071 1568 6778 4458 6113 9708 2346 7960 8914 7784 1226 3515 3020 7298 5072 4424 4438 9776 2402 3485 6913 6158 2079 7595 4688 1010 8037 6055 582
267 8044 3782 5952 5696 2430 4393 2468 4251 190 3545 6989 7531 5347 7346 2546 214 9292 8171 6695 3217 7571 7301 8965 6040 399 4237 4461 2155 2659
268 5046 7566 4807 3322 9669 1787 1282 8646 8848 6364 1233 3955 1085 4218 6208 6075 6521 8041 355 6549 5165 8635 2117 4450 4337 7246 9438 4625 4916
269 934 4447 5903 3643 837 2236 6658 6244 848 8238 2867 9029 5852 2632 2970 361 2695 9671 7133 763 4198 6733 3483 8685 2093 4274 8402 2249
270 9321 8472 5583 2042 7890 7607 4307 7513 5090 5012 4262 4266 2780 9185 5581 1866 955 1240 8156 6381 1432 7736 2392 5538 7542 6008 2059 277 4539
271 1408 1595 1768 5751 3367 7667 8564 0 8541 219 3797 1723 6612 1544 9453 4477 1117 8133 3142 8703 1722 6467 7389 7713 7791 2737 7852 1993 2149
272 3183 8447 8434 563 5182 304 3541 3528 5146 9339 2943 2651 428 7682 178 6930 8999 2321 599 2127 658 5088 50 7683 8043 2516 578 9354 3748
273 3363 1492 9117 502 5713 9097 6551 4387 7869 1532 1622 2325 8616 231 5800 2475 3814 8116 3621 4826 5979 6420 1497 3450 1449 7789 2789 8395 8311
274 9670 6347 3911 130 9884 1165 147 9133 4117 3908 1852 6310 5869 9010 1401 7888 2111 4704 9085 6777 4022 3750 1443 814 509 7856 2481 2528 411
275 602 7901 1192 6258 6283 6379 2359 3243 841 8042 6574 1168 5854 58 2666 6072 649 8023 248 6896 2787 9379 3521 787 7604 2959 451 5486 1766
276 1187 7545 6151 5247 3707 7845 690 7872 9149 2892 9110 9412 5890 1661 8560 3853 9209 2113 705 3475 3093 8014 2162 4746 6366 6762 6883 9969 5193
277 3387 9718 3772 7516 906 220 8756 9648 5878 4527 4201 8189 567 406 1553 8982 9469 4893 3414 6247 8809 6116 1005 6293 6327 9535 824 3159
278 4473 3198 5917 2512 9974 9777 7327 4550 4724 3989 9835 2656 8821 7973 5606 6432 1977 6512 535 9801 3617 8430 9205 1281 634 8228 3404 98 3595
279 5266 7297 4751 7648 2141 3118 5052 3297 4885 4542 9973 778 9372 5839 1853 8610 9683 6877 1710 3282 1775 4810 9819 7287 1939 8895 5021 7854
280 3968 4349 8850 3044 9268 1795 385 1998 2281 925 7032 7188 9651 6406 9796 5373 9295 5884 7283 2650 1987 4173 7600 8032 5985 1655 2915 6730 9418
281 4764 4759 1924 8003 4910 5051 3917 2337 243 2175 4431 4591 7785 9367 3446 2888 4700 8269 5927 1379 9333 4484 298 4360 2478 5918 8236 3642 5517
282 654 4494 3575 1983 1025 785 2673 3486 3912 8289 168 9855 4147 9389 5132 5731 3650 1732 5655 1116 8729 4342 312 4038 9947 3457 3956 7805
283 7324 3492 7439 9891 2048 2352 466 5010 6186 2176 4243 8562 7941 782 1968 4549 2727 3068 7479 1850 8059 7266 3478 7583 1762 9613 3901 3472
284 5014 2191 4169 7636 2841 309 3205 9406 9172 3304 8089 7706 9370 2235 8137 2206 8242 9174 500 5111 3935 506 9652 2618 7508 1385 3062 6732
285 1109 7794 8492 9930 5456 7715 8281 8001 177 7812 3791 3431 6429 6941 4637 998 386 5287 268 1201 5762 7182 3447 2491 218 1550 8640 7747
286 1717 5388 5197 5387 3259 7974 8594 6215 9338 1083 6856 84 1280 7532 6502 6438 6726 7975 4572 3550 3189 9449 4362 3493 105 2881 5372 1793 7368
287 5354 2713 1021 8778 7986 3898 6427 93 8783 9178 9548 9821 8035 8020 7265 1457 4610 1611 8973 5335 6645 6852 7197 8823 4984 9398 3218 2406 6014
288 3236 5160 4067 7351 8540 7381 7637 8256 1759 7661 1189 8734 6948 4423 2010 1382 2245 1013 8303 3466 6243 8280 808 5101 9517 4735 1638 6843
289 9392 9764 4878 8282 3410 2992 1160 5587 5223 3144 4204 9871 7560 5450 2204 4434 1511 5385 7064 1940 2861 7659 7967 5359 1812 467 2031 2783 2288
290 7277 7539 3258 6889 1964 1760 1639 3651 6550 2955 8224 1402 4428 4180 5220 9716 297 3552 6127 1748 9373 8881 8902 5232 6709 1486 3826 9995
291 8103 6578 6294 6155 7528 684 8913 2591 1081 5100 7815 3553 7237 2811 7493 1598 5531 3184 307 1901 7211 9843 6679 1815 7121 8195 2487 1177 6405
292 681 9498 8678 5461 6407 53 5201 4377 9267 1219 1435 1329 9311 3981 7725 5356 6180 4010 1246 4863 5623 988 3910 4510 9143 5032 4866 4712 2423
293 9145 6062 7569 3855 4219 7185 489 2499 6436 9818 2373 7824 1459 6024 6692 6904 335 834 7428 7640 5271 9306 7658 4416 6916 5729 368 7341 63
294 2772 4474 7402 2599 434 4181 7870 7840 141 4997 4898 4533 5894 6010 8550 6362 2292 7591 9641 9644 707 5710 6858 6103 426 7677 8945 8819
295 7914 8404 2005 4214 1422 4252 6816 1174 4185 5490 1837 7082 6386 7118 1409 6540 6768 4654 7476 2676 8301 3309 963 1237 5813 9778 5361 5561 3708
296 820 3169 314 4442 2051 6681 513 6752 7755 7580 5350 9979 5118 6298 8871 3684 5013 8425 4357 2827 6165 293 4209 6011 4666 3308 7861 1990 7207
297 691 4066 3991 9559 1197 1913 675 8620 5406 734 9067 6997 3147 9490 4332 66 2593 4453 4056 7506 7821 8075 4176 5337 717 5092 8270 537 9154
298 9168 5233 3937 2384 2614 795 8754 5353 3678 1039 3850 1389 2705 8864 305 5214 6617 4946 2362 829 136 3689 9905 6769 1227 5950 4881 9607
299 8453 1030 8143 7384 3620 2555 4788 5376 5084 1883 9970 5083 5428 7884 1530 6048 193 2174 1684 9711 7971 4729 4409 9878 4646 3985 9094 6596 4300
300 5798 8607 5898 6928 8074 5797 4942 3299 8322 9203 6357 5000 8604 5874 6895 8362 3013 7353 5931 5605 4233 2089 7445 3614 1279 4698 5374 7899 3399
301 6261 1691 8903 5794 3164 9590 7910 3871 266 6523 7776 6183 2877 9769 1308 9681 449 1910 2022 9614 7198 1859 880 5665 9285 8305 1473 6647
302 4115 3704 3051 9797 9754 2126 8093 7347 5802 8483 4782 9728 6849 580 9060 2278 5790 2521 2246 1992 8212 3070 5184 8192 5466 7166 9403 2480 2980
303 8097 436 1746 8890 7161 8992 1076 6615 5861 5843 5175 9332 4295 2004 8422 2581 8996 1376 9920 5920 1251 9840 7998 7074 9710 2088 3202 3872
304 1641 2198 4632 1809 2350 6746 740 3558 3465 5070 5597 3546 3584 189 4120 7757 5040 762 3773 6132 8600 9722 4210 5380 806 3601 2431 845
305 1141 286 1712 2399 6516 2339 7538 3997 1871 5900 5647 4168 855 1046 3609 1052 5741 650 6195 5047 1343 6834 4505 3706 415 7090 7885 655
306 445 7179 9568 6935 931 4005 7691 9585 987 4363 5366 4344 3174 4617 7363 3495 5174 2411 631 761 7530 5995 3165 2721 2422 448 9767 6561
307 2098 8183 2152 7191 60 4082 2298 3741 5369 8904 199 7108 6206 6780 5114 8283 3213 1584 6958 4770 1478 9715 8929 5571 749 9244 3957 4097
308 9141 7511 1196 5516 5910 7957 3804 435 793 1193 4921 3298 7830 4578 5504 86 7155 9405 5060 6346 827 7137 2796 4631 2095 4827 7966 2494 85
309 2672 1942 7115 2169 8053 1264 5863 402 6160 6515 2909 1988 8721 3923 4351 604 7206 5331 244 8403 2347 6903 9364 4105 9576 2008 8105 5269 6576
310 3491 275 256 7864 8063 289 6411 8920 6764 6715 7409 5770 4906 729 8109 4756 8498 8420 3222 853 2543 1153 8853 5402 4459 9463 5591 8816 2254
311 2038 8709 5345 2573 3518 7952 3731 3604 1836 6860 5904 6814 5661 6892 6228 9823 4525 6724 4023 4441 346 3739 5140 8535 20 8893 1615 9982 6207
312 2234 8835 5886 2876 8936 1715 5580 679 1810 5976 4460 7275 9434 7288 838 9564 2462 2227 1190 7959 7372 1570 6281 9020 1305 3289 9829 8216
313 1808 8364 7015 9128 9735 9489 6779 7561 9059 4958 7875 2913 6763 603 2882 3102 7898 9070 8921 8580 4203 4075 6465 2926 7770 5491 951 9527 4188
314 4852 6791 3501 7458 9967 7180 2918 3203 8645 5382 1986 38 5219 8015 9800 1832 7546 5236 8984 9195 6131 542 1031 4721 7413 3779 2493 7608
315 1965 3720 5865 2263 421 1257 9665 8022 2679 5384 1256 8813 527 5330 4199 9617 1047 247 2029 4781 7786 4324 9536 1951 6784 9041 4963 6598
316 5262 9692 1491 5134 9520 294 8569 1917 9851 5822 4443 4914 2852 7104 9552 4676 8139 6400 9530 9897 890 3053 2865 4369 6745 9916 4058 3021 7417
317 1711 8394 188 3698 2323 6211 1133 5512 8274 1120 4945 8284 8666 7549 7012 9283 3740 303 1806 6314 7686 8136 9508 2778 8846 2105 6542 1738
318 9601 7006 1807 1860 2747 3757 319 1904 7392 2835 8917 5292 6378 4215 693 9430 4570 255 992 6949 1513 6805 3996 3998 4615 1071 5844 9837 7414
319 1813 280 2365 1410 9033 4933 1004 9477 1028 5293 6705 1548 3879 8094 2540 3674 52 1341 1471 5602 1355 206 1669 7601 1266 6988 7921 7315
320 175 3179 8710 659 3953 5 2138 6971 6300 2511 7209 1069 140 2428 844 2077 1848 1 5636 3916 2455 3725 2483 1546 1115 3355 4791 5562
321 7782 9031 9747 928 5658 9719 9803 8873 9310 1310 5036 4990 9365 3778 1171 9570 6078 1645 5340 5494 1755 5753 9004 2177 6932 3816 1727 9192 9784
322 42 4801 665 2252 879 5313 4703 365 9327 3340 413 5791 4696 9261 4829 2034 7834 7999 8997 9432 9493 7913 7019 4366 581 5734 6524 3555 9604
323 8946 625 7529 429 5226 2701 8050 745 8700 363 8617 6648 5488 2761 1892 1221 418 444 490 8705 9026 217 1331 7517 8117 4026 1851 8392 8799
324 7851 2452 2777 6970 1855 2746 3300 4950 6473 6584 7466 4564 2878 9736 4417 1606 9659 3891 100 6789 7302 7017 4155 5686 5907 9894 9650 2530
325 9858 9887 7475 5129 4476 5860 1243 8532 4194 1370 868 6191 6993 3464 8341 7184 6807 4648 5773 8452 2831 6066 6771 9034 7544 4224 7997 1791
326 3060 7229 1670 2037 7442 7721 4278 8553 2247 8122 3228 9862 92 9135 4317 7238 4033 6343 5841 4269 6514 5824 5019 4320 2275 2448 966 5877
327 7760 9038 2442 6168 1890 215 7065 7768 8687 2707 8878 584 5768 6291 1774 6119 4232 3125 8491 4491 7904 6108 9691 1728 6002 3120 5280 2213
328 3660 766 328 26 357 571 3669 8718 943 2132 6914 9502 2826 799 5767 1664 8319 7129 6734 8161 3874 7311 735 7306 3710 2523 3868 6830
329 5465 8246 68 8118 4186 4355 8293 3427 4630 6708 9919 54 5579 3011 4312 1122 1391 2327 4016 8 2605 8359 695 7972 8935 5586 6737 2634 6627
330 4398 8698 9227 6416 9515 2137 91 3619 261 4055 4064 4882 9655 1467 3942 7196 4623 6905 3569 3976 8030 8382 2612 9977 7107 4695 4699 7272 2507
331 4141 8121 1365 540 7976 7625 7467 150 720 4641 8677 9793 7312 6063 1719 1054 758 5672 7023 9965 8048 5888 7128 7523 1347 3958 4512 7996 7527
332 9180 8207 1040 3172 2860 5990 8865 6212 5439 893 5514 741 9116 9411 1963 7075 2231 7273 8839 5103 7269 3862 2340 8802 7332 7435 5928 7886 1637
333 4467 8568 4057 3932 6382 9165 7572 380 1725 9220 3286 5124 6115 805 8807 7385 6204 1231 7333 9846 9638 770 1311 1869 621 6901 2585 4685
334 1386 9727 1842 2940 7416 6677 8831 8572 8398 6675 1708 3055 7989 8826 2869 9424 7558 2690 6120 3342 9105 712 7498 3351 6943 2306 2143 7947 7326
335 7643 8383 1285 5115 2343 7383 1804 3644 2542 290 5189 3454 2148 5761 337 8990 7622 4534 1931 1561 6034 1481 9945 1957 9713 4683 8353 4339
336 1788 159 1330 8875 3139 9115 7526 9533 7981 7876 5578 3670 4179 6182 2220 254 2224 2229 801 9000 4508 1274 8706 1374 731 5747 6498 4254
337 9328 5097 2000 5675 952 8439 2637 9235 2039 5700 2100 8943 1176 4081 7656 2527 7803 5628 8016 9230 1026 6840 6579 3098 1518 8501 9383 1627 4659
338 8078 9157 5608 2640 6973 908 7087 674 7927 6233 8325 4952 2076 989 8630 7124 1673 3046 1624 1164 3397 4427 2553 9124 3649 1022 6320 5836
339 5260 7222 3128 2140 4560 6868 9955 3854 8680 4306 6263 2548 3839 6811 8490 7171 3890 4118 7357 1757 8570 9318 4265 7354 7100 5526 3279 4771 1199
340 3883 1312 6600 2469 9095 8250 3949 9939 794 6188 8330 6287 109 9160 6375 6398 9103 6649 1058 6875 4558 8888 2856 6659 4479 8244 3106 9782
341 5835 9826 4543 5031 2168 3536 964 8463 743 6015 7036 9092 7056 8446 9931 1894 6884 8843 1006 4806 2366 29 8104 1580 2498 390 8744 6480
342 4182 9360 7358 3149 2535 6844 163 6978 6163 7390 5530 258 5352 7962 9381 3920 505 6760 4389 5929 6107 9210 823 88 9705 4811 4135 126
343 9159 3665 8934 5632 6445 2664 5433 5390 7405 4864 5547 911 9249 2551 8761 7763 2312 7823 6527 1180 7446 469 9433 8955 8736 8959 8743 1864 8629
344 9053 476 5245 4957 4400 4009 6452 2541 9457 2457 332 39 2825 2056 1498 5505 5627 299 3089 7095 6568 5922 5792 1576 8845 166 1540 9343 6787
345 7245 4662 3460 7244 6237 3283 9989 4394 2274 5975 4281 6252 5259 5782 3801 2287 1887 6039 3615 2871 7535 2421 9036 2812 2626 3522 5859 6969
346 4760 9696 3640 1036 2395 9258 4722 9898 5862 6084 5413 5701 1618 9217 3941 7853 5295 4557 9016 4159 1357 3561 3374 8363 2844 9927 2814 1315
347 7662 9960 9236 16 8699 738 3537 2728 4880 1609 6318 7863 5974 4919 4276 4258 5594 9998 3261 8662 3787 4744 8811 4222 4936 3653 287 9481 8670
348 4935 9688 4338 9408 5207 4567 4323 5506 926 194 1493 997 8665 3759 4633 3470 5648 4070 6476 3178 8863 7274 6289 4741 6761 9293 637 4821 1635
349 2717 5008 4794 1926 676 5724 7605 6395 8469 6277 9562 7983 2066 3812 3271 6611 8288 5389 5246 2750 2816 8408 1328 1375 5275 6637 9645 3918